smartctl 7.3 2022-02-28 r5338 [x86_64-w64-mingw32-w11-21H2] (sf-7.3-1)
Copyright (C) 2002-22, Bruce Allen, Christian Franke, www.smartmontools.org

 \\.\PhysicalDrive1: successfully opened
  IOCTL_STORAGE_QUERY_PROPERTY returns:
    Vendor:   "        "
    Product:  "Sabrent Disk Dev"
    Revision: "0   "
    Removable: No
    BusType:   0x07
\.\\PHYSICALDRIVE1 --> " Sabrent Disk Dev SCSI Disk Device":
 \\EATONDESKTOP\root\cimv2:Win32_USBController.DeviceID="PCI\\VEN_8086&DEV_1138&SUBSYS_00000000&REV_00\\6&2018F20F&0&001000E4":
  |   "USB\\ROOT_HUB30\\7&35203DCA&0&0"
 \\EATONDESKTOP\root\cimv2:Win32_USBController.DeviceID="PCI\\VEN_8086&DEV_7AE0&SUBSYS_86941043&REV_11\\3&11583659&0&A0":
  |   "USB\\ROOT_HUB30\\4&6970116&0&0"
  +-> "USB\\VID_174C&PID_3074\\5&2CF64626&0&24" [0x174c:0x3074]
  +-> "USB\\VID_058F&PID_6254\\5&2CF64626&0&4" [0x058f:0x6254]
  +-> "USB\\VID_0B05&PID_18F3\\9876543210" [0x0b05:0x18f3]
  +-> "USB\\VID_0B05&PID_18F3&MI_00\\6&2EFC6B98&0&0000" [0x0b05:0x18f3]
  +-> "USB\\VID_0B05&PID_18F3&MI_02\\6&2EFC6B98&0&0002" [0x0b05:0x18f3]
  |   "HID\\VID_0B05&PID_18F3&MI_02\\7&CA0C55&0&0000"
  +-> "USB\\VID_1532&PID_0C00\\5&2CF64626&0&1" [0x1532:0x0c00]
  +-> "USB\\VID_1532&PID_0C00&MI_00\\6&2ACD2662&0&0000" [0x1532:0x0c00]
  |   "HID\\VID_1532&PID_0C00&MI_00\\7&107EB67C&0&0000"
  +-> "USB\\VID_1532&PID_0C00&MI_01\\6&2ACD2662&0&0001" [0x1532:0x0c00]
  |   "HID\\VID_1532&PID_0C00&MI_01&COL01\\7&284242C1&0&0000"
  |   "HID\\VID_1532&PID_0C00&MI_01&COL02\\7&284242C1&0&0001"
  |   "HID\\VID_1532&PID_0C00&MI_01&COL03\\7&284242C1&0&0002"
  |   "HID\\VID_1532&PID_0C00&MI_01&COL04\\7&284242C1&0&0003"
  |   "HID\\VID_1532&PID_0C00&MI_01&COL05\\7&284242C1&0&0004"
  +-> "USB\\VID_1532&PID_0C00&MI_02\\6&2ACD2662&0&0002" [0x1532:0x0c00]
  |   "HID\\VID_1532&PID_0C00&MI_02\\7&46B04FF&0&0000"
  +-> "USB\\VID_1532&PID_0204\\5&2CF64626&0&6" [0x1532:0x0204]
  +-> "USB\\VID_1532&PID_0204&MI_00\\6&6D40A9D&0&0000" [0x1532:0x0204]
  |   "HID\\VID_1532&PID_0204&MI_00\\7&152D072&0&0000"
  +-> "USB\\VID_1532&PID_0204&MI_01\\6&6D40A9D&0&0001" [0x1532:0x0204]
  |   "HID\\VID_1532&PID_0204&MI_01&COL01\\7&11DD4BCC&0&0000"
  |   "HID\\VID_1532&PID_0204&MI_01&COL02\\7&11DD4BCC&0&0001"
  |   "HID\\VID_1532&PID_0204&MI_01&COL03\\7&11DD4BCC&0&0002"
  |   "HID\\VID_1532&PID_0204&MI_01&COL04\\7&11DD4BCC&0&0003"
  |   "HID\\VID_1532&PID_0204&MI_01&COL05\\7&11DD4BCC&0&0004"
  +-> "USB\\VID_1532&PID_0204&MI_02\\6&6D40A9D&0&0002" [0x1532:0x0204]
  |   "HID\\VID_1532&PID_0204&MI_02\\7&250D680A&0&0000"
  +-> "USB\\VID_174C&PID_2074\\5&2CF64626&0&8" [0x174c:0x2074]
  +-> "USB\\VID_058F&PID_6254\\5&2CF64626&0&10" [0x058f:0x6254]
  +-> "USB\\VID_1B1C&PID_0C33\\0680214380001" [0x1b1c:0x0c33]
  |   "HID\\VID_1B1C&PID_0C33\\7&272D5F22&0&0000"
  +-> "USB\\VID_1B1C&PID_0C1C\\630A00010E81E3AA48A22C063091005F" [0x1b1c:0x0c1c]
  +-> "USB\\VID_1B1C&PID_0C1C&MI_00\\7&A8EB4A2&0&0000" [0x1b1c:0x0c1c]
  |   "HID\\VID_1B1C&PID_0C1C&MI_00\\8&2D33DE95&0&0000"
  +-> "USB\\VID_1B1C&PID_0C1C&MI_01\\7&A8EB4A2&0&0001" [0x1b1c:0x0c1c]
  |   "HID\\VID_1B1C&PID_0C1C&MI_01\\8&1A03C257&0&0000"
  +-> "USB\\VID_0764&PID_0501\\CTKHN2001441" [0x0764:0x0501]
  |   "HID\\VID_0764&PID_0501\\6&1C2CAF13&0&0000"
  +-> "USB\\VID_046D&PID_C52B\\5&2CF64626&0&11" [0x046d:0xc52b]
  +-> "USB\\VID_046D&PID_C52B&MI_00\\6&7837D34&0&0000" [0x046d:0xc52b]
  |   "HID\\VID_046D&PID_C52B&MI_00\\7&192153F3&0&0000"
  +-> "USB\\VID_046D&PID_C52B&MI_01\\6&7837D34&0&0001" [0x046d:0xc52b]
  |   "HID\\VID_046D&PID_C52B&MI_01&COL01\\7&2C517031&0&0000"
  |   "HID\\VID_046D&PID_C52B&MI_01&COL02\\7&2C517031&0&0001"
  |   "HID\\VID_046D&PID_C52B&MI_01&COL03\\7&2C517031&0&0002"
  |   "HID\\VID_046D&PID_C52B&MI_01&COL04\\7&2C517031&0&0003"
  +-> "USB\\VID_046D&PID_C52B&MI_02\\6&7837D34&0&0002" [0x046d:0xc52b]
  |   "HID\\VID_046D&PID_C52B&MI_02&COL01\\7&3E6C268&0&0000"
  |   "HID\\VID_046D&PID_C52B&MI_02&COL02\\7&3E6C268&0&0001"
  |   "HID\\VID_046D&PID_C52B&MI_02&COL03\\7&3E6C268&0&0002"
  +-> "USB\\VID_8087&PID_0032\\5&2CF64626&0&14" [0x8087:0x0032]
  |   "BTH\\MS_RFCOMM\\6&14165688&0&0"
  |   "BTH\\MS_BTHBRB\\6&14165688&0&1"
  |   "BTHENUM\\{00001102-0000-1000-8000-00805F9B34FD}_VID&00010075_PID&A011\\7&2649C9E0&0&A887B35EBDA1_C00000000"
  |   "BTHENUM\\{0000110B-0000-1000-8000-00805F9B34FB}_VID&00010075_PID&A011\\7&2649C9E0&0&A887B35EBDA1_C00000000"
  |   "BTHENUM\\{0000110C-0000-1000-8000-00805F9B34FB}_VID&00010075_PID&A011\\7&2649C9E0&0&A887B35EBDA1_C00000000"
  |   "BTHENUM\\{0000110E-0000-1000-8000-00805F9B34FB}_VID&00010075_PID&A011\\7&2649C9E0&0&A887B35EBDA1_C00000000"
  |   "BTHENUM\\{0000111E-0000-1000-8000-00805F9B34FB}_VID&00010075_PID&A011\\7&2649C9E0&0&A887B35EBDA1_C00000000"
  |   "BTHHFENUM\\BTHHFPAUDIO\\8&15F8B396&0&97"
  |   "BTHENUM\\{A23D00BC-217C-123B-9C00-FC44577136EE}_VID&00010075_PID&A011\\7&2649C9E0&0&A887B35EBDA1_C00000000"
  |   "BTHENUM\\{E7AB2241-CA64-4A69-AC02-05F5C6FE2D62}_VID&00010075_PID&A011\\7&2649C9E0&0&A887B35EBDA1_C00000000"
  |   "BTHENUM\\DEV_A887B35EBDA1\\7&2649C9E0&0&BLUETOOTHDEVICE_A887B35EBDA1"
  |   "BTH\\MS_BTHPAN\\6&14165688&0&2"
  |   "BTH\\MS_BTHLE\\6&14165688&0&3"
  +-> "USB\\VID_0B05&PID_1A27\\5&2CF64626&0&7" [0x0b05:0x1a27]
  +-> "USB\\VID_0B05&PID_1A27&MI_00\\6&F34C116&0&0000" [0x0b05:0x1a27]
  |   "SWD\\DRIVERENUM\\{1B98EF90-CA0E-11E7-8F1A-0800200C9A66}#AVOLUTESS3VAD&7&10601647&0"
  |   "SWD\\DRIVERENUM\\{1B98EF90-CA0E-11E7-8F1A-0800200C9A66}#AVOLUTE_NH3APO&7&10601647&0"
  |   "SWD\\DRIVERENUM\\{C3A63EDD-2D27-4B66-B155-5E94B43D926A}#REALTEKAPO&7&10601647&0"
  |   "SWD\\DRIVERENUM\\{C3A63EDD-2D27-4B66-B155-5E94B43D926A}#REALTEKASIO&7&10601647&0"
  |   "SWD\\DRIVERENUM\\{C3A63EDD-2D27-4B66-B155-5E94B43D926A}#REALTEKHSA&7&10601647&0"
  |   "SWD\\DRIVERENUM\\{C3A63EDD-2D27-4B66-B155-5E94B43D926A}#REALTEKSRV&7&10601647&0"
  |   "SWD\\MMDEVAPI\\{0.0.0.00000000}.{7FC3F7FB-B737-4863-A80B-978AB6BED583}"
  +-> "USB\\VID_0B05&PID_1A27&MI_07\\6&F34C116&0&0007" [0x0b05:0x1a27]
  |   "HID\\VID_0B05&PID_1A27&MI_07\\7&2DB45A00&0&0000"
  +-> "USB\\VID_174C&PID_55AA\\MSFT306RA3X0SH0000" [0x174c:0x55aa]
  +--> "SCSI\\DISK&VEN_&PROD_SABRENT_DISK_DEV\\6&4756939&0&000000"
  +===> " Sabrent Disk Dev SCSI Disk Device" [0x174c:0x55aa]

REPORT-IOCTL: Device=pd1 Command=IDENTIFY DEVICE
 Input:   FR=...., SC=0x01, LL=...., LM=...., LH=...., DEV=...., CMD=0xec IN
 [ata pass-through(16): 85 08 0e 00 00 00 01 00 00 00 00 00 00 00 ec 00 ]
  Incoming data, len=512, resid=0 [only first 256 bytes shown]:
 00     5a 04 ff 3f 37 c8 10 00  00 00 00 00 3f 00 00 00
 10     00 00 00 00 31 56 52 4a  48 55 47 57 20 20 20 20
 20     20 20 20 20 20 20 20 20  03 00 00 00 38 00 31 30
 30     30 2e 41 31 31 30 44 57  20 43 44 57 30 34 35 30
 40     5a 46 58 42 30 2d 4b 30  57 35 30 42 20 20 20 20
 50     20 20 20 20 20 20 20 20  20 20 20 20 20 20 02 80
 60     00 40 00 2f 00 40 00 02  00 02 07 00 ff 3f 10 00
 70     3f 00 10 fc fb 00 00 59  ff ff ff 0f 00 00 07 00
 80     03 00 78 00 78 00 78 00  78 00 08 0d 00 00 00 00
 90     00 00 00 00 00 00 1f 00  0e 97 76 00 de 0c 40 00
 a0     fc 03 29 00 6b 74 69 7d  73 47 69 74 49 bc 73 47
 b0     7f 40 d2 80 00 00 fe 00  fe ff 00 00 00 00 08 00
 c0     ca 00 f9 00 10 27 00 00  d6 17 38 3a 00 00 00 00
 d0     ca 00 00 00 00 50 87 5a  00 50 a0 cc e6 bc f1 8e
 e0     00 00 00 00 00 00 00 00  00 00 00 08 00 00 dc 40
 f0     1c 40 00 00 00 00 00 00  00 00 00 00 00 00 00 00
 [Duration: 0.000349s]
REPORT-IOCTL: Device=pd1 Command=IDENTIFY DEVICE returned 0

===== [IDENTIFY DEVICE] DATA START (BASE-16) =====
000-015: 5a 04 ff 3f 37 c8 10 00 00 00 00 00 3f 00 00 00 |Z..?7.......?...|
016-031: 00 00 00 00 31 56 52 4a 48 55 47 57 20 20 20 20 |....1VRJHUGW    |
032-047: 20 20 20 20 20 20 20 20 03 00 00 00 38 00 31 30 |        ....8.10|
048-063: 30 2e 41 31 31 30 44 57 20 43 44 57 30 34 35 30 |0.A110DW CDW0450|
064-079: 5a 46 58 42 30 2d 4b 30 57 35 30 42 20 20 20 20 |ZFXB0-K0W50B    |
080-095: 20 20 20 20 20 20 20 20 20 20 20 20 20 20 02 80 |              ..|
096-111: 00 40 00 2f 00 40 00 02 00 02 07 00 ff 3f 10 00 |.@./.@.......?..|
112-127: 3f 00 10 fc fb 00 00 59 ff ff ff 0f 00 00 07 00 |?......Y........|
128-143: 03 00 78 00 78 00 78 00 78 00 08 0d 00 00 00 00 |..x.x.x.x.......|
144-159: 00 00 00 00 00 00 1f 00 0e 97 76 00 de 0c 40 00 |..........v...@.|
160-175: fc 03 29 00 6b 74 69 7d 73 47 69 74 49 bc 73 47 |..).kti}sGitI.sG|
176-191: 7f 40 d2 80 00 00 fe 00 fe ff 00 00 00 00 08 00 |.@..............|
192-207: ca 00 f9 00 10 27 00 00 d6 17 38 3a 00 00 00 00 |.....'....8:....|
208-223: ca 00 00 00 00 50 87 5a 00 50 a0 cc e6 bc f1 8e |.....P.Z.P......|
224-239: 00 00 00 00 00 00 00 00 00 00 00 08 00 00 dc 40 |...............@|
240-255: 1c 40 00 00 00 00 00 00 00 00 00 00 00 00 00 00 |.@..............|
256-271: 01 00 0b 00 00 00 00 00 00 00 00 00 00 00 00 00 |................|
272-287: 00 00 00 00 00 00 00 00 00 00 00 00 00 00 00 00 |................|
288-303: 00 00 00 00 00 00 00 00 00 00 00 00 00 00 08 00 |................|
304-319: 42 57 00 00 00 00 00 00 00 00 00 00 00 00 00 00 |BW..............|
320-335: 00 00 00 00 00 00 00 00 00 00 00 00 00 00 00 00 |................|
336-351: 02 00 00 00 00 00 00 00 00 00 00 00 00 00 00 00 |................|
352-367: 00 00 00 00 00 00 00 00 00 00 00 00 00 00 00 00 |................|
368-383: 00 00 00 00 00 00 00 00 00 00 00 00 00 00 00 00 |................|
384-399: 00 00 00 00 00 00 00 00 00 00 00 00 00 00 00 00 |................|
400-415: 00 00 00 00 00 00 00 00 00 00 00 00 35 00 00 00 |............5...|
416-431: 00 00 00 00 00 00 00 00 00 00 00 00 00 00 00 00 |................|
432-447: 00 00 20 1c 00 00 00 00 00 00 00 00 ff 10 21 00 |.. ...........!.|
448-463: 00 00 00 00 00 00 00 00 00 00 00 00 d6 17 38 3a |..............8:|
464-479: 00 00 00 00 08 00 00 00 00 00 00 00 00 00 00 00 |................|
480-495: 00 00 00 00 00 00 00 00 00 00 00 00 00 00 00 00 |................|
496-511: 00 00 00 00 00 00 00 00 00 00 00 00 00 00 a5 bd |................|
===== [IDENTIFY DEVICE] DATA END (512 Bytes) =====

=== START OF INFORMATION SECTION ===
Device Model:     WDC WD4005FZBX-00K5WB0
Serial Number:    V1JRUHWG
LU WWN Device Id: 5 000cca 0bce68ef1
Firmware Version: 01.01A01
User Capacity:    4,000,787,030,016 bytes [4.00 TB]
Sector Size:      4096 bytes logical/physical
Rotation Rate:    7200 rpm
Form Factor:      3.5 inches
Device is:        Not in smartctl database 7.3/5319
ATA Version is:   ACS-2, ATA8-ACS T13/1699-D revision 4
SATA Version is:  SATA 3.2, 6.0 Gb/s (current: 6.0 Gb/s)
Local Time is:    Sun Apr 03 16:54:29 2022 EDT
SMART support is: Available - device has SMART capability.
SMART support is: Enabled


REPORT-IOCTL: Device=pd1 Command=SMART READ ATTRIBUTE VALUES
 Input:   FR=0xd0, SC=0x01, LL=...., LM=0x4f, LH=0xc2, DEV=...., CMD=0xb0 IN
 [ata pass-through(16): 85 08 0e 00 d0 00 01 00 00 00 4f 00 c2 00 b0 00 ]
  Incoming data, len=512, resid=0 [only first 256 bytes shown]:
 00     10 00 01 0b 00 64 64 00  00 00 00 00 00 00 02 04
 10     00 82 82 64 00 00 00 00  00 00 03 07 00 8d 8d 2f
 20     01 2a 01 06 00 00 04 12  00 64 64 50 02 00 00 00
 30     00 00 05 33 00 64 64 00  00 00 00 00 00 00 07 0a
 40     00 64 64 00 00 00 00 00  00 00 08 04 00 80 80 12
 50     00 00 00 00 00 00 09 12  00 64 64 c9 00 00 00 00
 60     00 00 0a 12 00 64 64 00  00 00 00 00 00 00 0c 32
 70     00 64 64 f9 01 00 00 00  00 00 c0 32 00 64 64 50
 80     02 00 00 00 00 00 c1 12  00 64 64 50 02 00 00 00
 90     00 00 c2 02 00 b7 b7 1e  00 13 00 2d 00 00 c4 32
 a0     00 64 64 00 00 00 00 00  00 00 c5 22 00 64 64 00
 b0     00 00 00 00 00 00 c6 08  00 64 64 00 00 00 00 00
 c0     00 00 c7 0a 00 c8 c8 00  00 00 00 00 00 00 00 00
 d0     00 00 00 00 00 00 00 00  00 00 00 00 00 00 00 00
 e0     00 00 00 00 00 00 00 00  00 00 00 00 00 00 00 00
 f0     00 00 00 00 00 00 00 00  00 00 00 00 00 00 00 00
 [Duration: 0.003454s]
REPORT-IOCTL: Device=pd1 Command=SMART READ ATTRIBUTE VALUES returned 0

===== [SMART READ ATTRIBUTE VALUES] DATA START (BASE-16) =====
000-015: 10 00 01 0b 00 64 64 00 00 00 00 00 00 00 02 04 |.....dd.........|
016-031: 00 82 82 64 00 00 00 00 00 00 03 07 00 8d 8d 2f |...d.........../|
032-047: 01 2a 01 06 00 00 04 12 00 64 64 50 02 00 00 00 |.*.......ddP....|
048-063: 00 00 05 33 00 64 64 00 00 00 00 00 00 00 07 0a |...3.dd.........|
064-079: 00 64 64 00 00 00 00 00 00 00 08 04 00 80 80 12 |.dd.............|
080-095: 00 00 00 00 00 00 09 12 00 64 64 c9 00 00 00 00 |.........dd.....|
096-111: 00 00 0a 12 00 64 64 00 00 00 00 00 00 00 0c 32 |.....dd........2|
112-127: 00 64 64 f9 01 00 00 00 00 00 c0 32 00 64 64 50 |.dd........2.ddP|
128-143: 02 00 00 00 00 00 c1 12 00 64 64 50 02 00 00 00 |.........ddP....|
144-159: 00 00 c2 02 00 b7 b7 1e 00 13 00 2d 00 00 c4 32 |...........-...2|
160-175: 00 64 64 00 00 00 00 00 00 00 c5 22 00 64 64 00 |.dd........".dd.|
176-191: 00 00 00 00 00 00 c6 08 00 64 64 00 00 00 00 00 |.........dd.....|
192-207: 00 00 c7 0a 00 c8 c8 00 00 00 00 00 00 00 00 00 |................|
208-223: 00 00 00 00 00 00 00 00 00 00 00 00 00 00 00 00 |................|
224-239: 00 00 00 00 00 00 00 00 00 00 00 00 00 00 00 00 |................|
240-255: 00 00 00 00 00 00 00 00 00 00 00 00 00 00 00 00 |................|
256-271: 00 00 00 00 00 00 00 00 00 00 00 00 00 00 00 00 |................|
272-287: 00 00 00 00 00 00 00 00 00 00 00 00 00 00 00 00 |................|
288-303: 00 00 00 00 00 00 00 00 00 00 00 00 00 00 00 00 |................|
304-319: 00 00 00 00 00 00 00 00 00 00 00 00 00 00 00 00 |................|
320-335: 00 00 00 00 00 00 00 00 00 00 00 00 00 00 00 00 |................|
336-351: 00 00 00 00 00 00 00 00 00 00 00 00 00 00 00 00 |................|
352-367: 00 00 00 00 00 00 00 00 00 00 80 00 57 00 00 5b |............W..[|
368-383: 03 00 01 00 02 ff 00 e0 01 00 00 00 00 00 00 00 |................|
384-399: 00 00 00 00 00 00 00 00 00 00 00 00 00 00 00 00 |................|
400-415: 00 00 00 00 00 00 00 00 00 00 00 00 00 00 00 00 |................|
416-431: 00 00 00 00 00 00 00 00 00 00 00 00 00 00 00 00 |................|
432-447: 00 00 00 00 00 00 00 00 00 00 00 00 00 00 00 00 |................|
448-463: 00 00 00 00 00 00 00 00 00 00 00 00 00 00 00 00 |................|
464-479: 00 00 00 00 00 00 00 00 00 00 00 00 00 00 00 00 |................|
480-495: 00 00 00 00 00 00 00 00 00 00 00 00 00 00 00 00 |................|
496-511: 00 00 00 00 00 00 00 00 00 00 00 00 00 00 00 6d |...............m|
===== [SMART READ ATTRIBUTE VALUES] DATA END (512 Bytes) =====


REPORT-IOCTL: Device=pd1 Command=SMART READ ATTRIBUTE THRESHOLDS
 Input:   FR=0xd1, SC=0x01, LL=0x01, LM=0x4f, LH=0xc2, DEV=...., CMD=0xb0 IN
 [ata pass-through(16): 85 08 0e 00 d1 00 01 00 01 00 4f 00 c2 00 b0 00 ]
  Incoming data, len=512, resid=0 [only first 256 bytes shown]:
 00     10 00 01 10 00 00 00 00  00 00 00 00 00 00 02 36
 10     00 00 00 00 00 00 00 00  00 00 03 18 00 00 00 00
 20     00 00 00 00 00 00 04 00  00 00 00 00 00 00 00 00
 30     00 00 05 05 00 00 00 00  00 00 00 00 00 00 07 43
 40     00 00 00 00 00 00 00 00  00 00 08 14 00 00 00 00
 50     00 00 00 00 00 00 09 00  00 00 00 00 00 00 00 00
 60     00 00 0a 3c 00 00 00 00  00 00 00 00 00 00 0c 00
 70     00 00 00 00 00 00 00 00  00 00 c0 00 00 00 00 00
 80     00 00 00 00 00 00 c1 00  00 00 00 00 00 00 00 00
 90     00 00 c2 00 00 00 00 00  00 00 00 00 00 00 c4 00
 a0     00 00 00 00 00 00 00 00  00 00 c5 00 00 00 00 00
 b0     00 00 00 00 00 00 c6 00  00 00 00 00 00 00 00 00
 c0     00 00 c7 00 00 00 00 00  00 00 00 00 00 00 00 00
 d0     00 00 00 00 00 00 00 00  00 00 00 00 00 00 00 00
 e0     00 00 00 00 00 00 00 00  00 00 00 00 00 00 00 00
 f0     00 00 00 00 00 00 00 00  00 00 00 00 00 00 00 00
 [Duration: 0.001222s]
REPORT-IOCTL: Device=pd1 Command=SMART READ ATTRIBUTE THRESHOLDS returned 0

===== [SMART READ ATTRIBUTE THRESHOLDS] DATA START (BASE-16) =====
000-015: 10 00 01 10 00 00 00 00 00 00 00 00 00 00 02 36 |...............6|
016-031: 00 00 00 00 00 00 00 00 00 00 03 18 00 00 00 00 |................|
032-047: 00 00 00 00 00 00 04 00 00 00 00 00 00 00 00 00 |................|
048-063: 00 00 05 05 00 00 00 00 00 00 00 00 00 00 07 43 |...............C|
064-079: 00 00 00 00 00 00 00 00 00 00 08 14 00 00 00 00 |................|
080-095: 00 00 00 00 00 00 09 00 00 00 00 00 00 00 00 00 |................|
096-111: 00 00 0a 3c 00 00 00 00 00 00 00 00 00 00 0c 00 |...<............|
112-127: 00 00 00 00 00 00 00 00 00 00 c0 00 00 00 00 00 |................|
128-143: 00 00 00 00 00 00 c1 00 00 00 00 00 00 00 00 00 |................|
144-159: 00 00 c2 00 00 00 00 00 00 00 00 00 00 00 c4 00 |................|
160-175: 00 00 00 00 00 00 00 00 00 00 c5 00 00 00 00 00 |................|
176-191: 00 00 00 00 00 00 c6 00 00 00 00 00 00 00 00 00 |................|
192-207: 00 00 c7 00 00 00 00 00 00 00 00 00 00 00 00 00 |................|
208-223: 00 00 00 00 00 00 00 00 00 00 00 00 00 00 00 00 |................|
224-239: 00 00 00 00 00 00 00 00 00 00 00 00 00 00 00 00 |................|
240-255: 00 00 00 00 00 00 00 00 00 00 00 00 00 00 00 00 |................|
256-271: 00 00 00 00 00 00 00 00 00 00 00 00 00 00 00 00 |................|
272-287: 00 00 00 00 00 00 00 00 00 00 00 00 00 00 00 00 |................|
288-303: 00 00 00 00 00 00 00 00 00 00 00 00 00 00 00 00 |................|
304-319: 00 00 00 00 00 00 00 00 00 00 00 00 00 00 00 00 |................|
320-335: 00 00 00 00 00 00 00 00 00 00 00 00 00 00 00 00 |................|
336-351: 00 00 00 00 00 00 00 00 00 00 00 00 00 00 00 00 |................|
352-367: 00 00 00 00 00 00 00 00 00 00 00 00 00 00 00 00 |................|
368-383: 00 00 00 00 00 00 00 00 00 00 00 00 00 00 00 00 |................|
384-399: 00 00 00 00 00 00 00 00 00 00 00 00 00 00 00 00 |................|
400-415: 00 00 00 00 00 00 00 00 00 00 00 00 00 00 00 00 |................|
416-431: 00 00 00 00 00 00 00 00 00 00 00 00 00 00 00 00 |................|
432-447: 00 00 00 00 00 00 00 00 00 00 00 00 00 00 00 00 |................|
448-463: 00 00 00 00 00 00 00 00 00 00 00 00 00 00 00 00 |................|
464-479: 00 00 00 00 00 00 00 00 00 00 00 00 00 00 00 00 |................|
480-495: 00 00 00 00 00 00 00 00 00 00 00 00 00 00 00 00 |................|
496-511: 00 00 00 00 00 00 00 00 00 00 00 00 00 00 00 64 |...............d|
===== [SMART READ ATTRIBUTE THRESHOLDS] DATA END (512 Bytes) =====

=== START OF READ SMART DATA SECTION ===
SMART Attributes Data Structure revision number: 16
Vendor Specific SMART Attributes with Thresholds:
ID# ATTRIBUTE_NAME          FLAG     VALUE WORST THRESH TYPE      UPDATED  WHEN_FAILED RAW_VALUE
  1 Raw_Read_Error_Rate     0x000b   100   100   016    Pre-fail  Always       -       0
  2 Throughput_Performance  0x0004   130   130   054    Old_age   Offline      -       100
  3 Spin_Up_Time            0x0007   141   141   024    Pre-fail  Always       -       303 (Average 298)
  4 Start_Stop_Count        0x0012   100   100   000    Old_age   Always       -       592
  5 Reallocated_Sector_Ct   0x0033   100   100   005    Pre-fail  Always       -       0
  7 Seek_Error_Rate         0x000a   100   100   067    Old_age   Always       -       0
  8 Seek_Time_Performance   0x0004   128   128   020    Old_age   Offline      -       18
  9 Power_On_Hours          0x0012   100   100   000    Old_age   Always       -       201
 10 Spin_Retry_Count        0x0012   100   100   060    Old_age   Always       -       0
 12 Power_Cycle_Count       0x0032   100   100   000    Old_age   Always       -       505
192 Power-Off_Retract_Count 0x0032   100   100   000    Old_age   Always       -       592
193 Load_Cycle_Count        0x0012   100   100   000    Old_age   Always       -       592
194 Temperature_Celsius     0x0002   183   183   000    Old_age   Always       -       30 (Min/Max 19/45)
196 Reallocated_Event_Count 0x0032   100   100   000    Old_age   Always       -       0
197 Current_Pending_Sector  0x0022   100   100   000    Old_age   Always       -       0
198 Offline_Uncorrectable   0x0008   100   100   000    Old_age   Offline      -       0
199 UDMA_CRC_Error_Count    0x000a   200   200   000    Old_age   Always       -       0

