smartctl 6.7 2018-11-13 r4834 [x86_64-linux-3.10.0-862.3.3.el7.x86_64] (local build)
Copyright (C) 2002-18, Bruce Allen, Christian Franke, www.smartmontools.org

>>>> do_scsi_cmnd_io: sg_io_ver=3
 [inquiry: 12 00 00 00 24 00 ]
  scsi_status=0x0, sg_transport_status=0x0, sg_driver_status=0x0
  sg_info=0x0  sg_duration=0 milliseconds  resid=0
  Incoming data, len=36:
 00     00 00 05 02 5b 00 00 00  41 54 41 20 20 20 20 20
 10     4b 49 4e 47 53 54 4f 4e  20 20 53 41 34 30 30 53
 20     31 30 44 37
>>>> do_scsi_cmnd_io: sg_io_ver=3
 [ata pass-through(16): 85 08 0e 00 00 00 01 00 00 00 00 00 00 00 ec 00 ]
  scsi_status=0x0, sg_transport_status=0x0, sg_driver_status=0x0
  sg_info=0x0  sg_duration=2 milliseconds  resid=0
  Incoming data, len=512 [only first 256 bytes shown]:
 00     40 00 ff 3f 37 c8 10 00  00 00 00 00 3f 00 00 00
 10     00 00 00 00 30 35 32 30  42 36 37 37 33 37 31 30
 20     32 45 44 43 20 20 20 20  00 00 00 00 00 00 42 53
 30     4b 46 30 31 37 44 49 4b  47 4e 54 53 4e 4f 20 20
 40     41 53 30 34 53 30 37 33  38 34 47 30 20 20 20 20
 50     20 20 20 20 20 20 20 20  20 20 20 20 20 20 10 80
 60     00 40 00 2f 00 40 00 00  00 00 07 00 ff 3f 10 00
 70     3f 00 10 fc fb 00 10 01  ff ff ff 0f 00 00 07 00
 80     03 00 78 00 78 00 78 00  78 00 00 1f 00 00 00 00
 90     00 00 00 00 00 00 1f 00  0e 85 04 00 4c 00 40 00
 a0     f8 0f 00 00 6b 74 01 7d  63 41 69 74 01 bc 63 41
 b0     7f 40 03 00 1e 00 00 00  fe ff 00 00 00 00 00 00
 c0     00 00 00 00 00 00 00 00  b0 36 e4 37 00 00 00 00
 d0     00 00 08 00 00 40 00 00  00 50 00 00 00 00 00 00
 e0     00 00 00 00 00 00 00 00  00 00 00 00 00 00 1c 40
 f0     1c 40 00 00 00 00 00 00  00 00 00 00 00 00 00 00
/dev/sda [SAT]: Device open changed type from 'scsi' to 'sat'

REPORT-IOCTL: Device=/dev/sda Command=IDENTIFY DEVICE
 Input:   FR=...., SC=0x01, LL=...., LM=...., LH=...., DEV=...., CMD=0xec IN
>>>> do_scsi_cmnd_io: sg_io_ver=3
 [ata pass-through(16): 85 08 0e 00 00 00 01 00 00 00 00 00 00 00 ec 00 ]
  scsi_status=0x0, sg_transport_status=0x0, sg_driver_status=0x0
  sg_info=0x0  sg_duration=5 milliseconds  resid=0
  Incoming data, len=512 [only first 256 bytes shown]:
 00     40 00 ff 3f 37 c8 10 00  00 00 00 00 3f 00 00 00
 10     00 00 00 00 30 35 32 30  42 36 37 37 33 37 31 30
 20     32 45 44 43 20 20 20 20  00 00 00 00 00 00 42 53
 30     4b 46 30 31 37 44 49 4b  47 4e 54 53 4e 4f 20 20
 40     41 53 30 34 53 30 37 33  38 34 47 30 20 20 20 20
 50     20 20 20 20 20 20 20 20  20 20 20 20 20 20 10 80
 60     00 40 00 2f 00 40 00 00  00 00 07 00 ff 3f 10 00
 70     3f 00 10 fc fb 00 10 01  ff ff ff 0f 00 00 07 00
 80     03 00 78 00 78 00 78 00  78 00 00 1f 00 00 00 00
 90     00 00 00 00 00 00 1f 00  0e 85 04 00 4c 00 40 00
 a0     f8 0f 00 00 6b 74 01 7d  63 41 69 74 01 bc 63 41
 b0     7f 40 03 00 1e 00 00 00  fe ff 00 00 00 00 00 00
 c0     00 00 00 00 00 00 00 00  b0 36 e4 37 00 00 00 00
 d0     00 00 08 00 00 40 00 00  00 50 00 00 00 00 00 00
 e0     00 00 00 00 00 00 00 00  00 00 00 00 00 00 1c 40
 f0     1c 40 00 00 00 00 00 00  00 00 00 00 00 00 00 00
 [Duration: 0.005s]
REPORT-IOCTL: Device=/dev/sda Command=IDENTIFY DEVICE returned 0

===== [IDENTIFY DEVICE] DATA START (BASE-16) =====
000-015: 40 00 ff 3f 37 c8 10 00 00 00 00 00 3f 00 00 00 |@..?7.......?...|
016-031: 00 00 00 00 30 35 32 30 42 36 37 37 33 37 31 30 |....0520B6773710|
032-047: 32 45 44 43 20 20 20 20 00 00 00 00 00 00 42 53 |2EDC    ......BS|
048-063: 4b 46 30 31 37 44 49 4b 47 4e 54 53 4e 4f 20 20 |KF017DIKGNTSNO  |
064-079: 41 53 30 34 53 30 37 33 38 34 47 30 20 20 20 20 |AS04S07384G0    |
080-095: 20 20 20 20 20 20 20 20 20 20 20 20 20 20 10 80 |              ..|
096-111: 00 40 00 2f 00 40 00 00 00 00 07 00 ff 3f 10 00 |.@./.@.......?..|
112-127: 3f 00 10 fc fb 00 10 01 ff ff ff 0f 00 00 07 00 |?...............|
128-143: 03 00 78 00 78 00 78 00 78 00 00 1f 00 00 00 00 |..x.x.x.x.......|
144-159: 00 00 00 00 00 00 1f 00 0e 85 04 00 4c 00 40 00 |............L.@.|
160-175: f8 0f 00 00 6b 74 01 7d 63 41 69 74 01 bc 63 41 |....kt.}cAit..cA|
176-191: 7f 40 03 00 1e 00 00 00 fe ff 00 00 00 00 00 00 |.@..............|
192-207: 00 00 00 00 00 00 00 00 b0 36 e4 37 00 00 00 00 |.........6.7....|
208-223: 00 00 08 00 00 40 00 00 00 50 00 00 00 00 00 00 |.....@...P......|
224-239: 00 00 00 00 00 00 00 00 00 00 00 00 00 00 1c 40 |...............@|
240-255: 1c 40 00 00 00 00 00 00 00 00 00 00 00 00 00 00 |.@..............|
256-271: 29 00 00 00 00 00 00 00 00 00 00 00 00 00 00 00 |)...............|
272-287: 00 00 00 00 00 00 00 00 00 00 00 00 00 00 00 00 |................|
288-303: 00 00 00 00 00 00 00 00 00 00 00 00 00 00 00 00 |................|
304-319: 00 00 00 00 00 00 00 00 00 00 00 00 00 00 00 00 |................|
320-335: 00 00 00 00 00 00 00 00 00 00 00 00 00 00 00 00 |................|
336-351: 03 00 01 00 00 00 00 00 00 00 00 00 00 00 00 00 |................|
352-367: 00 00 00 00 00 00 00 00 00 00 00 00 00 00 00 00 |................|
368-383: 00 00 00 00 00 00 00 00 00 00 00 00 00 00 00 00 |................|
384-399: 00 00 00 00 00 00 00 00 00 00 00 00 00 00 00 00 |................|
400-415: 00 00 00 00 00 00 00 00 00 00 00 00 00 00 00 00 |................|
416-431: 00 00 00 40 00 00 00 00 00 00 00 00 00 00 00 00 |...@............|
432-447: 00 00 01 00 00 00 00 00 00 00 00 00 ff 10 00 00 |................|
448-463: 00 00 00 00 00 00 00 00 00 00 00 00 00 00 00 00 |................|
464-479: 00 00 00 00 01 00 fe ff 00 00 00 00 00 00 00 00 |................|
480-495: 00 00 00 00 00 00 00 00 00 00 00 00 00 00 00 00 |................|
496-511: 00 00 00 00 00 00 00 00 00 00 00 00 00 00 a5 b1 |................|
===== [IDENTIFY DEVICE] DATA END (512 Bytes) =====

=== START OF INFORMATION SECTION ===
Device Model:     KINGSTON  SA400S37480G
Serial Number:    50026B777301E2CD
LU WWN Device Id: 5 000000 000000000
Firmware Version: SBFK10D7
User Capacity:    480,103,981,056 bytes [480 GB]
Sector Size:      512 bytes logical/physical
Rotation Rate:    Solid State Device
Form Factor:      2.5 inches
Device is:        Not in smartctl database [for details use: -P showall]
ATA Version is:   ACS-4 (minor revision not indicated)
SATA Version is:  SATA 3.2, 6.0 Gb/s (current: 3.0 Gb/s)
Local Time is:    Thu Nov 22 00:53:20 2018 MSK
SMART support is: Available - device has SMART capability.
SMART support is: Enabled

