smartctl 6.2 2013-07-26 r3841 [x86_64-linux-3.10.0-514.16.1.el7.x86_64] (local build)
Copyright (C) 2002-13, Bruce Allen, Christian Franke, www.smartmontools.org

 [inquiry: 12 00 00 00 24 00 ]
  scsi_status=0x0, host_status=0x0, driver_status=0x0
  info=0x0  duration=0 milliseconds  resid=0
  Incoming data, len=36:
 00     00 00 05 02 5b 00 00 00  41 54 41 20 20 20 20 20                        
 10     53 61 6e 44 69 73 6b 20  53 44 53 53 44 50 30 36                        
 20     30 20 20 20                                                             
 [ata pass-through(16): 85 08 0e 00 00 00 01 00 00 00 00 00 00 00 ec 00 ]
  scsi_status=0x0, host_status=0x0, driver_status=0x0
  info=0x0  duration=21 milliseconds  resid=0
  Incoming data, len=512 [only first 256 bytes shown]:
 00     40 00 ff 3f 37 c8 10 00  00 00 00 00 3f 00 00 00                        
 10     00 00 00 00 35 31 37 31  39 39 30 34 33 31 38 37                        
 20     20 20 20 20 20 20 20 20  00 00 00 00 00 00 2e 33                        
 30     2e 32 20 30 20 20 61 53  44 6e 73 69 20 6b 44 53                        
 40     53 53 50 44 36 30 47 34  20 20 20 20 20 20 20 20                        
 50     20 20 20 20 20 20 20 20  20 20 20 20 20 20 01 80                        
 60     00 40 00 2f 00 40 00 02  00 00 07 00 ff 3f 10 00                        
 70     3f 00 10 fc fb 00 01 91  d0 3b 56 07 00 00 07 00                        
 80     03 00 78 00 78 00 78 00  78 00 00 52 00 00 00 00                        
 90     00 00 00 00 00 00 1f 00  0e 05 84 00 48 01 48 01                        
 a0     f0 03 10 01 6b 74 09 7d  23 41 69 74 01 bc 23 41                        
 b0     7f 40 01 00 01 00 00 00  fe ff 00 00 00 00 00 00                        
 c0     00 00 00 00 00 00 00 00  d0 3b 56 07 00 00 00 00                        
 d0     00 00 08 00 00 40 00 00  01 50 4e b4 88 63 a2 07                        
 e0     00 00 00 00 00 00 00 00  00 00 00 00 00 00 14 40                        
 f0     14 40 00 00 00 00 00 00  00 00 00 00 00 00 00 00                        

REPORT-IOCTL: Device=/dev/sda Command=IDENTIFY DEVICE
 Input:   FR=...., SC=0x01, LL=...., LM=...., LH=...., DEV=...., CMD=0xec IN
 [ata pass-through(16): 85 08 0e 00 00 00 01 00 00 00 00 00 00 00 ec 00 ]
  scsi_status=0x0, host_status=0x0, driver_status=0x0
  info=0x0  duration=0 milliseconds  resid=0
  Incoming data, len=512 [only first 256 bytes shown]:
 00     40 00 ff 3f 37 c8 10 00  00 00 00 00 3f 00 00 00                        
 10     00 00 00 00 35 31 37 31  39 39 30 34 33 31 38 37                        
 20     20 20 20 20 20 20 20 20  00 00 00 00 00 00 2e 33                        
 30     2e 32 20 30 20 20 61 53  44 6e 73 69 20 6b 44 53                        
 40     53 53 50 44 36 30 47 34  20 20 20 20 20 20 20 20                        
 50     20 20 20 20 20 20 20 20  20 20 20 20 20 20 01 80                        
 60     00 40 00 2f 00 40 00 02  00 00 07 00 ff 3f 10 00                        
 70     3f 00 10 fc fb 00 01 91  d0 3b 56 07 00 00 07 00                        
 80     03 00 78 00 78 00 78 00  78 00 00 52 00 00 00 00                        
 90     00 00 00 00 00 00 1f 00  0e 05 84 00 48 01 48 01                        
 a0     f0 03 10 01 6b 74 09 7d  23 41 69 74 01 bc 23 41                        
 b0     7f 40 01 00 01 00 00 00  fe ff 00 00 00 00 00 00                        
 c0     00 00 00 00 00 00 00 00  d0 3b 56 07 00 00 00 00                        
 d0     00 00 08 00 00 40 00 00  01 50 4e b4 88 63 a2 07                        
 e0     00 00 00 00 00 00 00 00  00 00 00 00 00 00 14 40                        
 f0     14 40 00 00 00 00 00 00  00 00 00 00 00 00 00 00                        
REPORT-IOCTL: Device=/dev/sda Command=IDENTIFY DEVICE returned 0

===== [IDENTIFY DEVICE] DATA START (BASE-16) =====
000-015: 40 00 ff 3f 37 c8 10 00 00 00 00 00 3f 00 00 00 |@..?7.......?...|
016-031: 00 00 00 00 35 31 37 31 39 39 30 34 33 31 38 37 |....517199043187|
032-047: 20 20 20 20 20 20 20 20 00 00 00 00 00 00 2e 33 |        .......3|
048-063: 2e 32 20 30 20 20 61 53 44 6e 73 69 20 6b 44 53 |.2 0  aSDnsi kDS|
064-079: 53 53 50 44 36 30 47 34 20 20 20 20 20 20 20 20 |SSPD60G4        |
080-095: 20 20 20 20 20 20 20 20 20 20 20 20 20 20 01 80 |              ..|
096-111: 00 40 00 2f 00 40 00 02 00 00 07 00 ff 3f 10 00 |.@./.@.......?..|
112-127: 3f 00 10 fc fb 00 01 91 d0 3b 56 07 00 00 07 00 |?........;V.....|
128-143: 03 00 78 00 78 00 78 00 78 00 00 52 00 00 00 00 |..x.x.x.x..R....|
144-159: 00 00 00 00 00 00 1f 00 0e 05 84 00 48 01 48 01 |............H.H.|
160-175: f0 03 10 01 6b 74 09 7d 23 41 69 74 01 bc 23 41 |....kt.}#Ait..#A|
176-191: 7f 40 01 00 01 00 00 00 fe ff 00 00 00 00 00 00 |.@..............|
192-207: 00 00 00 00 00 00 00 00 d0 3b 56 07 00 00 00 00 |.........;V.....|
208-223: 00 00 08 00 00 40 00 00 01 50 4e b4 88 63 a2 07 |.....@...PN..c..|
224-239: 00 00 00 00 00 00 00 00 00 00 00 00 00 00 14 40 |...............@|
240-255: 14 40 00 00 00 00 00 00 00 00 00 00 00 00 00 00 |.@..............|
256-271: 29 00 00 00 00 00 00 00 00 00 00 00 00 00 00 00 |)...............|
272-287: 00 00 00 00 00 00 00 00 00 00 00 00 00 00 00 00 |................|
288-303: 00 00 00 00 00 00 00 00 00 00 00 00 00 00 00 00 |................|
304-319: 00 00 00 00 00 00 00 00 00 00 00 00 00 00 00 00 |................|
320-335: 00 00 00 00 00 00 00 00 00 00 00 00 00 00 00 00 |................|
336-351: 04 00 01 00 20 20 20 20 20 20 20 20 00 00 00 00 |....        ....|
352-367: 00 00 00 00 00 00 00 00 00 00 00 00 00 00 00 00 |................|
368-383: 00 00 00 00 00 00 00 00 00 00 00 00 00 00 00 00 |................|
384-399: 00 00 00 00 00 00 00 00 00 00 00 00 00 00 00 00 |................|
400-415: 00 00 00 00 00 00 00 00 00 00 00 00 00 00 00 00 |................|
416-431: 00 00 00 40 00 00 00 00 00 00 00 00 00 00 00 00 |...@............|
432-447: 00 00 01 00 00 00 00 00 00 00 00 00 31 10 00 00 |............1...|
448-463: 00 00 00 00 00 00 00 00 00 00 00 00 00 00 00 00 |................|
464-479: 00 00 00 00 08 00 10 00 00 00 00 00 00 00 00 00 |................|
480-495: 00 00 00 00 00 00 00 00 00 00 00 00 00 00 00 00 |................|
496-511: 00 00 00 00 00 00 00 00 00 00 00 00 00 00 a5 ad |................|
===== [IDENTIFY DEVICE] DATA END (512 Bytes) =====

=== START OF INFORMATION SECTION ===
Model Family:     SanDisk based SSDs
Device Model:     SanDisk SDSSDP064G
Serial Number:    151799401378
LU WWN Device Id: 5 001b44 e638807a2
Firmware Version: 3.2.0
User Capacity:    63.023.063.040 bytes [63,0 GB]
Sector Size:      512 bytes logical/physical
Rotation Rate:    Solid State Device
Device is:        In smartctl database [for details use: -P show]
ATA Version is:   ACS-2 T13/2015-D revision 3
SATA Version is:  SATA 3.0, 6.0 Gb/s (current: 3.0 Gb/s)
Local Time is:    Fri Apr 21 14:53:52 2017 CEST
SMART support is: Available - device has SMART capability.
SMART support is: Enabled


REPORT-IOCTL: Device=/dev/sda Command=SMART READ ATTRIBUTE VALUES
 Input:   FR=0xd0, SC=0x01, LL=...., LM=0x4f, LH=0xc2, DEV=...., CMD=0xb0 IN
 [ata pass-through(16): 85 08 0e 00 d0 00 01 00 00 00 4f 00 c2 00 b0 00 ]
  scsi_status=0x0, host_status=0x0, driver_status=0x0
  info=0x0  duration=41 milliseconds  resid=0
  Incoming data, len=512 [only first 256 bytes shown]:
 00     01 00 05 02 00 64 64 00  00 00 00 00 00 00 09 02                        
 10     00 64 64 50 00 00 00 00  00 00 0c 02 00 64 64 20                        
 20     00 00 00 00 00 00 a5 02  00 64 64 d8 17 00 00 00                        
 30     00 00 ab 02 00 64 64 00  00 00 00 00 00 00 ac 02                        
 40     00 64 64 00 00 00 00 00  00 00 ad 02 00 64 64 01                        
 50     00 00 00 00 00 00 ae 02  00 64 64 14 00 00 00 00                        
 60     00 00 bb 02 00 64 64 00  00 00 00 00 00 00 c2 22                        
 70     00 4d 17 17 00 0c 00 34  00 00 e6 02 00 64 64 03                        
 80     00 00 00 00 00 00 e8 03  00 64 64 00 00 00 00 00                        
 90     00 00 ea 02 00 64 64 05  00 00 00 00 00 00 f1 02                        
 a0     00 64 64 f4 0c 5e 0d 00  00 00 f2 02 00 64 64 18                        
 b0     03 5c 03 00 00 00 00 00  00 00 00 00 00 00 00 00                        
 c0     00 00 00 00 00 00 00 00  00 00 00 00 00 00 00 00                        
 d0     00 00 00 00 00 00 00 00  00 00 00 00 00 00 00 00                        
 e0     00 00 00 00 00 00 00 00  00 00 00 00 00 00 00 00                        
 f0     00 00 00 00 00 00 00 00  00 00 00 00 00 00 00 00                        
 [Duration: 0,041s]
REPORT-IOCTL: Device=/dev/sda Command=SMART READ ATTRIBUTE VALUES returned 0

===== [SMART READ ATTRIBUTE VALUES] DATA START (BASE-16) =====
000-015: 01 00 05 02 00 64 64 00 00 00 00 00 00 00 09 02 |.....dd.........|
016-031: 00 64 64 50 00 00 00 00 00 00 0c 02 00 64 64 20 |.ddP.........dd |
032-047: 00 00 00 00 00 00 a5 02 00 64 64 d8 17 00 00 00 |.........dd.....|
048-063: 00 00 ab 02 00 64 64 00 00 00 00 00 00 00 ac 02 |.....dd.........|
064-079: 00 64 64 00 00 00 00 00 00 00 ad 02 00 64 64 01 |.dd..........dd.|
080-095: 00 00 00 00 00 00 ae 02 00 64 64 14 00 00 00 00 |.........dd.....|
096-111: 00 00 bb 02 00 64 64 00 00 00 00 00 00 00 c2 22 |.....dd........"|
112-127: 00 4d 17 17 00 0c 00 34 00 00 e6 02 00 64 64 03 |.M.....4.....dd.|
128-143: 00 00 00 00 00 00 e8 03 00 64 64 00 00 00 00 00 |.........dd.....|
144-159: 00 00 ea 02 00 64 64 05 00 00 00 00 00 00 f1 02 |.....dd.........|
160-175: 00 64 64 f4 0c 5e 0d 00 00 00 f2 02 00 64 64 18 |.dd..^.......dd.|
176-191: 03 5c 03 00 00 00 00 00 00 00 00 00 00 00 00 00 |.\..............|
192-207: 00 00 00 00 00 00 00 00 00 00 00 00 00 00 00 00 |................|
208-223: 00 00 00 00 00 00 00 00 00 00 00 00 00 00 00 00 |................|
224-239: 00 00 00 00 00 00 00 00 00 00 00 00 00 00 00 00 |................|
240-255: 00 00 00 00 00 00 00 00 00 00 00 00 00 00 00 00 |................|
256-271: 00 00 00 00 00 00 00 00 00 00 00 00 00 00 00 00 |................|
272-287: 00 00 00 00 00 00 00 00 00 00 00 00 00 00 00 00 |................|
288-303: 00 00 00 00 00 00 00 00 00 00 00 00 00 00 00 00 |................|
304-319: 00 00 00 00 00 00 00 00 00 00 00 00 00 00 00 00 |................|
320-335: 00 00 00 00 00 00 00 00 00 00 00 00 00 00 00 00 |................|
336-351: 00 00 00 00 00 00 00 00 00 00 00 00 00 00 00 00 |................|
352-367: 00 00 00 00 00 00 00 00 00 00 00 00 78 00 00 51 |............x..Q|
368-383: 03 00 01 00 02 0b 00 00 00 00 00 00 00 00 00 00 |................|
384-399: 00 00 00 00 00 00 00 00 00 00 00 00 00 00 00 00 |................|
400-415: 00 00 00 00 00 00 00 00 00 00 00 00 00 00 00 00 |................|
416-431: 00 00 00 00 00 00 00 00 00 00 00 00 00 00 00 00 |................|
432-447: 00 00 00 00 00 00 00 00 00 00 00 00 00 00 00 00 |................|
448-463: 00 00 00 00 00 00 00 00 00 00 00 00 00 00 00 00 |................|
464-479: 00 00 00 00 00 00 00 00 00 00 00 00 00 00 00 00 |................|
480-495: 00 00 00 00 00 00 00 00 00 00 00 00 00 00 00 00 |................|
496-511: 00 00 00 00 00 00 00 00 00 00 00 00 00 00 00 51 |...............Q|
===== [SMART READ ATTRIBUTE VALUES] DATA END (512 Bytes) =====


REPORT-IOCTL: Device=/dev/sda Command=SMART READ ATTRIBUTE THRESHOLDS
 Input:   FR=0xd1, SC=0x01, LL=0x01, LM=0x4f, LH=0xc2, DEV=...., CMD=0xb0 IN
 [ata pass-through(16): 85 08 0e 00 d1 00 01 00 01 00 4f 00 c2 00 b0 00 ]
  scsi_status=0x0, host_status=0x0, driver_status=0x0
  info=0x0  duration=0 milliseconds  resid=0
  Incoming data, len=512 [only first 256 bytes shown]:
 00     01 00 05 00 00 00 00 00  00 00 00 00 00 00 09 00                        
 10     00 00 00 00 00 00 00 00  00 00 0c 00 00 00 00 00                        
 20     00 00 00 00 00 00 a5 00  00 00 00 00 00 00 00 00                        
 30     00 00 ab 00 00 00 00 00  00 00 00 00 00 00 ac 00                        
 40     00 00 00 00 00 00 00 00  00 00 ad 00 00 00 00 00                        
 50     00 00 00 00 00 00 ae 00  00 00 00 00 00 00 00 00                        
 60     00 00 bb 00 00 00 00 00  00 00 00 00 00 00 c2 00                        
 70     00 00 00 00 00 00 00 00  00 00 e6 00 00 00 00 00                        
 80     00 00 00 00 00 00 e8 05  00 00 00 00 00 00 00 00                        
 90     00 00 ea 00 00 00 00 00  00 00 00 00 00 00 f1 00                        
 a0     00 00 00 00 00 00 00 00  00 00 f2 00 00 00 00 00                        
 b0     00 00 00 00 00 00 00 00  00 00 00 00 00 00 00 00                        
 c0     00 00 00 00 00 00 00 00  00 00 00 00 00 00 00 00                        
 d0     00 00 00 00 00 00 00 00  00 00 00 00 00 00 00 00                        
 e0     00 00 00 00 00 00 00 00  00 00 00 00 00 00 00 00                        
 f0     00 00 00 00 00 00 00 00  00 00 00 00 00 00 00 00                        
 [Duration: 0,001s]
REPORT-IOCTL: Device=/dev/sda Command=SMART READ ATTRIBUTE THRESHOLDS returned 0

===== [SMART READ ATTRIBUTE THRESHOLDS] DATA START (BASE-16) =====
000-015: 01 00 05 00 00 00 00 00 00 00 00 00 00 00 09 00 |................|
016-031: 00 00 00 00 00 00 00 00 00 00 0c 00 00 00 00 00 |................|
032-047: 00 00 00 00 00 00 a5 00 00 00 00 00 00 00 00 00 |................|
048-063: 00 00 ab 00 00 00 00 00 00 00 00 00 00 00 ac 00 |................|
064-079: 00 00 00 00 00 00 00 00 00 00 ad 00 00 00 00 00 |................|
080-095: 00 00 00 00 00 00 ae 00 00 00 00 00 00 00 00 00 |................|
096-111: 00 00 bb 00 00 00 00 00 00 00 00 00 00 00 c2 00 |................|
112-127: 00 00 00 00 00 00 00 00 00 00 e6 00 00 00 00 00 |................|
128-143: 00 00 00 00 00 00 e8 05 00 00 00 00 00 00 00 00 |................|
144-159: 00 00 ea 00 00 00 00 00 00 00 00 00 00 00 f1 00 |................|
160-175: 00 00 00 00 00 00 00 00 00 00 f2 00 00 00 00 00 |................|
176-191: 00 00 00 00 00 00 00 00 00 00 00 00 00 00 00 00 |................|
192-207: 00 00 00 00 00 00 00 00 00 00 00 00 00 00 00 00 |................|
208-223: 00 00 00 00 00 00 00 00 00 00 00 00 00 00 00 00 |................|
224-239: 00 00 00 00 00 00 00 00 00 00 00 00 00 00 00 00 |................|
240-255: 00 00 00 00 00 00 00 00 00 00 00 00 00 00 00 00 |................|
256-271: 00 00 00 00 00 00 00 00 00 00 00 00 00 00 00 00 |................|
272-287: 00 00 00 00 00 00 00 00 00 00 00 00 00 00 00 00 |................|
288-303: 00 00 00 00 00 00 00 00 00 00 00 00 00 00 00 00 |................|
304-319: 00 00 00 00 00 00 00 00 00 00 00 00 00 00 00 00 |................|
320-335: 00 00 00 00 00 00 00 00 00 00 00 00 00 00 00 00 |................|
336-351: 00 00 00 00 00 00 00 00 00 00 00 00 00 00 00 00 |................|
352-367: 00 00 00 00 00 00 00 00 00 00 00 00 00 00 00 00 |................|
368-383: 00 00 00 00 00 00 00 00 00 00 00 00 00 00 00 00 |................|
384-399: 00 00 00 00 00 00 00 00 00 00 00 00 00 00 00 00 |................|
400-415: 00 00 00 00 00 00 00 00 00 00 00 00 00 00 00 00 |................|
416-431: 00 00 00 00 00 00 00 00 00 00 00 00 00 00 00 00 |................|
432-447: 00 00 00 00 00 00 00 00 00 00 00 00 00 00 00 00 |................|
448-463: 00 00 00 00 00 00 00 00 00 00 00 00 00 00 00 00 |................|
464-479: 00 00 00 00 00 00 00 00 00 00 00 00 00 00 00 00 |................|
480-495: 00 00 00 00 00 00 00 00 00 00 00 00 00 00 00 00 |................|
496-511: 00 00 00 00 00 00 00 00 00 00 00 00 00 00 00 71 |...............q|
===== [SMART READ ATTRIBUTE THRESHOLDS] DATA END (512 Bytes) =====

=== START OF READ SMART DATA SECTION ===
SMART Attributes Data Structure revision number: 1
Vendor Specific SMART Attributes with Thresholds:
ID# ATTRIBUTE_NAME          FLAG     VALUE WORST THRESH TYPE      UPDATED  WHEN_FAILED RAW_VALUE
  5 Reallocated_Sector_Ct   0x0002   100   100   000    Old_age   Always       -       0
  9 Power_On_Hours          0x0002   100   100   000    Old_age   Always       -       80
 12 Power_Cycle_Count       0x0002   100   100   000    Old_age   Always       -       32
165 Total_Write/Erase_Count 0x0002   100   100   000    Old_age   Always       -       6104
171 Program_Fail_Count      0x0002   100   100   000    Old_age   Always       -       0
172 Erase_Fail_Count        0x0002   100   100   000    Old_age   Always       -       0
173 Avg_Write/Erase_Count   0x0002   100   100   000    Old_age   Always       -       1
174 Unexpect_Power_Loss_Ct  0x0002   100   100   000    Old_age   Always       -       20
187 Reported_Uncorrect      0x0002   100   100   000    Old_age   Always       -       0
194 Temperature_Celsius     0x0022   077   023   000    Old_age   Always       -       23 (Min/Max 12/52)
230 Perc_Write/Erase_Count  0x0002   100   100   000    Old_age   Always       -       3
232 Perc_Avail_Resrvd_Space 0x0003   100   100   005    Pre-fail  Always       -       0
234 Perc_Write/Erase_Ct_BC  0x0002   100   100   000    Old_age   Always       -       5
241 Total_LBAs_Written      0x0002   100   100   000    Old_age   Always       -       224267508
242 Total_LBAs_Read         0x0002   100   100   000    Old_age   Always       -       56361752

