root@server4:~#  smartctl -r ioctl,2 -x /dev/nvme2n1
smartctl 7.2 2020-12-30 r5155 [x86_64-linux-5.15.60-1-pve] (local build)
Copyright (C) 2002-20, Bruce Allen, Christian Franke, www.smartmontools.org

 [NVMe call: opcode=0x06, size=0x1000, nsid=0x00000000, cdw10=0x00000001]
 [NVMe call succeeded: result=0x00000000
 00     6f 12 6f 12 47 33 35 34  37 33 30 30 30 31 00 00    o.o.G354730001..
 10     00 00 00 00 00 00 00 00  54 53 35 31 32 47 4d 54    ........TS512GMT
 20     45 32 32 30 53 20 20 20  20 20 20 20 20 20 20 20    E220S
 30     20 20 20 20 20 20 20 20  20 20 20 20 20 20 20 20
 40     34 32 42 34 53 41 55 41  06 00 00 00 00 05 01 00    42B4SAUA........
 50     00 03 01 00 20 a1 07 00  80 84 1e 00 00 02 00 00    .... ...........
 60     00 00 00 00 00 00 00 00  00 00 00 00 00 00 00 00    ................
 70     00 00 00 00 00 00 00 00  00 00 00 00 00 00 00 00    ................
 80     00 00 00 00 00 00 00 00  00 00 00 00 00 00 00 00    ................
 90     00 00 00 00 00 00 00 00  00 00 00 00 00 00 00 00    ................
 a0     00 00 00 00 00 00 00 00  00 00 00 00 00 00 00 00    ................
 b0     00 00 00 00 00 00 00 00  00 00 00 00 00 00 00 00    ................
 c0     00 00 00 00 00 00 00 00  00 00 00 00 00 00 00 00    ................
 d0     00 00 00 00 00 00 00 00  00 00 00 00 00 00 00 00    ................
 e0     00 00 00 00 00 00 00 00  00 00 00 00 00 00 00 00    ................
 f0     00 00 00 00 00 00 00 00  00 00 00 00 00 00 00 00    ................
 100    17 00 04 07 14 0f ff 00  00 01 5c 01 61 01 32 00    ..........\.a.2.
 110    00 00 00 00 00 00 00 00  00 00 00 00 00 00 00 00    ................
 120    00 00 00 00 00 00 00 00  00 00 00 00 00 00 00 00    ................
 130    00 00 00 00 00 00 00 00  00 00 00 00 05 00 01 00    ................
 140    00 00 01 00 2f 01 5c 01  03 00 00 00 00 00 00 00    ..../.\.........
 150    00 00 00 00 00 00 00 00  00 00 00 00 00 00 00 00    ................
 160    00 00 00 00 00 00 00 00  00 00 00 00 00 00 00 00    ................
 170    00 00 00 00 00 00 00 00  00 00 00 00 00 00 00 00    ................
 180    00 00 00 00 00 00 00 00  00 00 00 00 00 00 00 00    ................
 190    00 00 00 00 00 00 00 00  00 00 00 00 00 00 00 00    ................
 1a0    00 00 00 00 00 00 00 00  00 00 00 00 00 00 00 00    ................
 1b0    00 00 00 00 00 00 00 00  00 00 00 00 00 00 00 00    ................
 1c0    00 00 00 00 00 00 00 00  00 00 00 00 00 00 00 00    ................
 1d0    00 00 00 00 00 00 00 00  00 00 00 00 00 00 00 00    ................
 1e0    00 00 00 00 00 00 00 00  00 00 00 00 00 00 00 00    ................
 1f0    00 00 00 00 00 00 00 00  00 00 00 00 00 00 00 00    ................
 200    66 44 00 00 01 00 00 00  5f 00 00 00 04 07 00 00    fD......_.......
 210    00 00 00 00 00 00 00 00  00 00 00 00 00 00 00 00    ................
 220    00 00 00 00 00 00 00 00  00 00 00 00 00 00 00 00    ................
 230    00 00 00 00 00 00 00 00  00 00 00 00 00 00 00 00    ................
 240    00 00 00 00 00 00 00 00  00 00 00 00 00 00 00 00    ................
 250    00 00 00 00 00 00 00 00  00 00 00 00 00 00 00 00    ................
 260    00 00 00 00 00 00 00 00  00 00 00 00 00 00 00 00    ................
 270    00 00 00 00 00 00 00 00  00 00 00 00 00 00 00 00    ................
 280    00 00 00 00 00 00 00 00  00 00 00 00 00 00 00 00    ................
 290    00 00 00 00 00 00 00 00  00 00 00 00 00 00 00 00    ................
 2a0    00 00 00 00 00 00 00 00  00 00 00 00 00 00 00 00    ................
 2b0    00 00 00 00 00 00 00 00  00 00 00 00 00 00 00 00    ................
 2c0    00 00 00 00 00 00 00 00  00 00 00 00 00 00 00 00    ................
 2d0    00 00 00 00 00 00 00 00  00 00 00 00 00 00 00 00    ................
 2e0    00 00 00 00 00 00 00 00  00 00 00 00 00 00 00 00    ................
 2f0    00 00 00 00 00 00 00 00  00 00 00 00 00 00 00 00    ................
 300    28 6e 75 6c 6c 29 20 20  20 20 20 20 20 20 20 20    (null)
 310    20 20 20 20 20 20 20 20  20 20 20 20 20 20 20 20
 320    20 20 20 20 20 20 20 20  20 20 20 20 20 20 20 20
 330    20 20 20 20 20 20 20 20  20 20 20 20 20 20 20 20
 340    20 20 20 20 20 20 20 20  20 20 20 20 20 20 20 20
 350    20 20 20 20 20 20 20 20  20 20 20 20 20 20 20 20
 360    20 20 20 20 20 20 20 20  20 20 20 20 20 20 20 20
 370    20 20 20 20 20 20 20 20  20 20 20 20 20 20 20 20
 380    20 20 20 20 20 20 20 20  20 20 20 20 20 20 20 20
 390    20 20 20 20 20 20 20 20  20 20 20 20 20 20 20 20
 3a0    20 20 20 20 20 20 20 20  20 20 20 20 20 20 20 20
 3b0    20 20 20 20 20 20 20 20  20 20 20 20 20 20 20 20
 3c0    20 20 20 20 20 20 20 20  20 20 20 20 20 20 20 20
 3d0    20 20 20 20 20 20 20 20  20 20 20 20 20 20 20 20
 3e0    20 20 20 20 20 20 20 20  20 20 20 20 20 20 20 20
 3f0    20 20 20 20 20 20 20 20  20 20 20 20 20 20 20 20
 400    00 00 00 00 00 00 00 00  00 00 00 00 00 00 00 00    ................
 410    00 00 00 00 00 00 00 00  00 00 00 00 00 00 00 00    ................
 420    00 00 00 00 00 00 00 00  00 00 00 00 00 00 00 00    ................
 430    00 00 00 00 00 00 00 00  00 00 00 00 00 00 00 00    ................
 440    00 00 00 00 00 00 00 00  00 00 00 00 00 00 00 00    ................
 450    00 00 00 00 00 00 00 00  00 00 00 00 00 00 00 00    ................
 460    00 00 00 00 00 00 00 00  00 00 00 00 00 00 00 00    ................
 470    00 00 00 00 00 00 00 00  00 00 00 00 00 00 00 00    ................
 480    00 00 00 00 00 00 00 00  00 00 00 00 00 00 00 00    ................
 490    00 00 00 00 00 00 00 00  00 00 00 00 00 00 00 00    ................
 4a0    00 00 00 00 00 00 00 00  00 00 00 00 00 00 00 00    ................
 4b0    00 00 00 00 00 00 00 00  00 00 00 00 00 00 00 00    ................
 4c0    00 00 00 00 00 00 00 00  00 00 00 00 00 00 00 00    ................
 4d0    00 00 00 00 00 00 00 00  00 00 00 00 00 00 00 00    ................
 4e0    00 00 00 00 00 00 00 00  00 00 00 00 00 00 00 00    ................
 4f0    00 00 00 00 00 00 00 00  00 00 00 00 00 00 00 00    ................
 500    00 00 00 00 00 00 00 00  00 00 00 00 00 00 00 00    ................
 510    00 00 00 00 00 00 00 00  00 00 00 00 00 00 00 00    ................
 520    00 00 00 00 00 00 00 00  00 00 00 00 00 00 00 00    ................
 530    00 00 00 00 00 00 00 00  00 00 00 00 00 00 00 00    ................
 540    00 00 00 00 00 00 00 00  00 00 00 00 00 00 00 00    ................
 550    00 00 00 00 00 00 00 00  00 00 00 00 00 00 00 00    ................
 560    00 00 00 00 00 00 00 00  00 00 00 00 00 00 00 00    ................
 570    00 00 00 00 00 00 00 00  00 00 00 00 00 00 00 00    ................
 580    00 00 00 00 00 00 00 00  00 00 00 00 00 00 00 00    ................
 590    00 00 00 00 00 00 00 00  00 00 00 00 00 00 00 00    ................
 5a0    00 00 00 00 00 00 00 00  00 00 00 00 00 00 00 00    ................
 5b0    00 00 00 00 00 00 00 00  00 00 00 00 00 00 00 00    ................
 5c0    00 00 00 00 00 00 00 00  00 00 00 00 00 00 00 00    ................
 5d0    00 00 00 00 00 00 00 00  00 00 00 00 00 00 00 00    ................
 5e0    00 00 00 00 00 00 00 00  00 00 00 00 00 00 00 00    ................
 5f0    00 00 00 00 00 00 00 00  00 00 00 00 00 00 00 00    ................
 600    00 00 00 00 00 00 00 00  00 00 00 00 00 00 00 00    ................
 610    00 00 00 00 00 00 00 00  00 00 00 00 00 00 00 00    ................
 620    00 00 00 00 00 00 00 00  00 00 00 00 00 00 00 00    ................
 630    00 00 00 00 00 00 00 00  00 00 00 00 00 00 00 00    ................
 640    00 00 00 00 00 00 00 00  00 00 00 00 00 00 00 00    ................
 650    00 00 00 00 00 00 00 00  00 00 00 00 00 00 00 00    ................
 660    00 00 00 00 00 00 00 00  00 00 00 00 00 00 00 00    ................
 670    00 00 00 00 00 00 00 00  00 00 00 00 00 00 00 00    ................
 680    00 00 00 00 00 00 00 00  00 00 00 00 00 00 00 00    ................
 690    00 00 00 00 00 00 00 00  00 00 00 00 00 00 00 00    ................
 6a0    00 00 00 00 00 00 00 00  00 00 00 00 00 00 00 00    ................
 6b0    00 00 00 00 00 00 00 00  00 00 00 00 00 00 00 00    ................
 6c0    00 00 00 00 00 00 00 00  00 00 00 00 00 00 00 00    ................
 6d0    00 00 00 00 00 00 00 00  00 00 00 00 00 00 00 00    ................
 6e0    00 00 00 00 00 00 00 00  00 00 00 00 00 00 00 00    ................
 6f0    00 00 00 00 00 00 00 00  00 00 00 00 00 00 00 00    ................
 700    00 00 00 00 00 00 00 00  00 00 00 00 00 00 00 00    ................
 710    00 00 00 00 00 00 00 00  00 00 00 00 00 00 00 00    ................
 720    00 00 00 00 00 00 00 00  00 00 00 00 00 00 00 00    ................
 730    00 00 00 00 00 00 00 00  00 00 00 00 00 00 00 00    ................
 740    00 00 00 00 00 00 00 00  00 00 00 00 00 00 00 00    ................
 750    00 00 00 00 00 00 00 00  00 00 00 00 00 00 00 00    ................
 760    00 00 00 00 00 00 00 00  00 00 00 00 00 00 00 00    ................
 770    00 00 00 00 00 00 00 00  00 00 00 00 00 00 00 00    ................
 780    00 00 00 00 00 00 00 00  00 00 00 00 00 00 00 00    ................
 790    00 00 00 00 00 00 00 00  00 00 00 00 00 00 00 00    ................
 7a0    00 00 00 00 00 00 00 00  00 00 00 00 00 00 00 00    ................
 7b0    00 00 00 00 00 00 00 00  00 00 00 00 00 00 00 00    ................
 7c0    00 00 00 00 00 00 00 00  00 00 00 00 00 00 00 00    ................
 7d0    00 00 00 00 00 00 00 00  00 00 00 00 00 00 00 00    ................
 7e0    00 00 00 00 00 00 00 00  00 00 00 00 00 00 00 00    ................
 7f0    00 00 00 00 00 00 00 00  00 00 00 00 00 00 00 00    ................
 800    84 03 00 00 00 00 00 00  00 00 00 00 00 00 00 00    ................
 810    00 00 00 00 00 00 00 00  00 00 00 00 00 00 00 00    ................
 820    00 00 00 00 00 00 00 00  00 00 00 00 00 00 00 00    ................
 830    00 00 00 00 00 00 00 00  00 00 00 00 00 00 00 00    ................
 840    00 00 00 00 00 00 00 00  00 00 00 00 00 00 00 00    ................
 850    00 00 00 00 00 00 00 00  00 00 00 00 00 00 00 00    ................
 860    00 00 00 00 00 00 00 00  00 00 00 00 00 00 00 00    ................
 870    00 00 00 00 00 00 00 00  00 00 00 00 00 00 00 00    ................
 880    00 00 00 00 00 00 00 00  00 00 00 00 00 00 00 00    ................
 890    00 00 00 00 00 00 00 00  00 00 00 00 00 00 00 00    ................
 8a0    00 00 00 00 00 00 00 00  00 00 00 00 00 00 00 00    ................
 8b0    00 00 00 00 00 00 00 00  00 00 00 00 00 00 00 00    ................
 8c0    00 00 00 00 00 00 00 00  00 00 00 00 00 00 00 00    ................
 8d0    00 00 00 00 00 00 00 00  00 00 00 00 00 00 00 00    ................
 8e0    00 00 00 00 00 00 00 00  00 00 00 00 00 00 00 00    ................
 8f0    00 00 00 00 00 00 00 00  00 00 00 00 00 00 00 00    ................
 900    00 00 00 00 00 00 00 00  00 00 00 00 00 00 00 00    ................
 910    00 00 00 00 00 00 00 00  00 00 00 00 00 00 00 00    ................
 920    00 00 00 00 00 00 00 00  00 00 00 00 00 00 00 00    ................
 930    00 00 00 00 00 00 00 00  00 00 00 00 00 00 00 00    ................
 940    00 00 00 00 00 00 00 00  00 00 00 00 00 00 00 00    ................
 950    00 00 00 00 00 00 00 00  00 00 00 00 00 00 00 00    ................
 960    00 00 00 00 00 00 00 00  00 00 00 00 00 00 00 00    ................
 970    00 00 00 00 00 00 00 00  00 00 00 00 00 00 00 00    ................
 980    00 00 00 00 00 00 00 00  00 00 00 00 00 00 00 00    ................
 990    00 00 00 00 00 00 00 00  00 00 00 00 00 00 00 00    ................
 9a0    00 00 00 00 00 00 00 00  00 00 00 00 00 00 00 00    ................
 9b0    00 00 00 00 00 00 00 00  00 00 00 00 00 00 00 00    ................
 9c0    00 00 00 00 00 00 00 00  00 00 00 00 00 00 00 00    ................
 9d0    00 00 00 00 00 00 00 00  00 00 00 00 00 00 00 00    ................
 9e0    00 00 00 00 00 00 00 00  00 00 00 00 00 00 00 00    ................
 9f0    00 00 00 00 00 00 00 00  00 00 00 00 00 00 00 00    ................
 a00    00 00 00 00 00 00 00 00  00 00 00 00 00 00 00 00    ................
 a10    00 00 00 00 00 00 00 00  00 00 00 00 00 00 00 00    ................
 a20    00 00 00 00 00 00 00 00  00 00 00 00 00 00 00 00    ................
 a30    00 00 00 00 00 00 00 00  00 00 00 00 00 00 00 00    ................
 a40    00 00 00 00 00 00 00 00  00 00 00 00 00 00 00 00    ................
 a50    00 00 00 00 00 00 00 00  00 00 00 00 00 00 00 00    ................
 a60    00 00 00 00 00 00 00 00  00 00 00 00 00 00 00 00    ................
 a70    00 00 00 00 00 00 00 00  00 00 00 00 00 00 00 00    ................
 a80    00 00 00 00 00 00 00 00  00 00 00 00 00 00 00 00    ................
 a90    00 00 00 00 00 00 00 00  00 00 00 00 00 00 00 00    ................
 aa0    00 00 00 00 00 00 00 00  00 00 00 00 00 00 00 00    ................
 ab0    00 00 00 00 00 00 00 00  00 00 00 00 00 00 00 00    ................
 ac0    00 00 00 00 00 00 00 00  00 00 00 00 00 00 00 00    ................
 ad0    00 00 00 00 00 00 00 00  00 00 00 00 00 00 00 00    ................
 ae0    00 00 00 00 00 00 00 00  00 00 00 00 00 00 00 00    ................
 af0    00 00 00 00 00 00 00 00  00 00 00 00 00 00 00 00    ................
 b00    00 00 00 00 00 00 00 00  00 00 00 00 00 00 00 00    ................
 b10    00 00 00 00 00 00 00 00  00 00 00 00 00 00 00 00    ................
 b20    00 00 00 00 00 00 00 00  00 00 00 00 00 00 00 00    ................
 b30    00 00 00 00 00 00 00 00  00 00 00 00 00 00 00 00    ................
 b40    00 00 00 00 00 00 00 00  00 00 00 00 00 00 00 00    ................
 b50    00 00 00 00 00 00 00 00  00 00 00 00 00 00 00 00    ................
 b60    00 00 00 00 00 00 00 00  00 00 00 00 00 00 00 00    ................
 b70    00 00 00 00 00 00 00 00  00 00 00 00 00 00 00 00    ................
 b80    00 00 00 00 00 00 00 00  00 00 00 00 00 00 00 00    ................
 b90    00 00 00 00 00 00 00 00  00 00 00 00 00 00 00 00    ................
 ba0    00 00 00 00 00 00 00 00  00 00 00 00 00 00 00 00    ................
 bb0    00 00 00 00 00 00 00 00  00 00 00 00 00 00 00 00    ................
 bc0    00 00 00 00 00 00 00 00  00 00 00 00 00 00 00 00    ................
 bd0    00 00 00 00 00 00 00 00  00 00 00 00 00 00 00 00    ................
 be0    00 00 00 00 00 00 00 00  00 00 00 00 00 00 00 00    ................
 bf0    00 00 00 00 00 00 00 00  00 00 00 00 00 00 00 00    ................
 c00    08 00 00 00 00 00 00 00  00 00 00 00 00 00 00 00    ................
 c10    00 00 00 00 00 00 00 00  00 00 00 00 00 00 00 00    ................
 c20    00 00 00 00 00 00 00 00  00 00 00 00 00 00 00 00    ................
 c30    00 00 00 00 00 00 00 00  00 00 00 00 00 00 00 00    ................
 c40    00 00 00 00 00 00 00 00  00 00 00 00 00 00 00 00    ................
 c50    00 00 00 00 00 00 00 00  00 00 00 00 00 00 00 00    ................
 c60    00 00 00 00 00 00 00 00  00 00 00 00 00 00 00 00    ................
 c70    00 00 00 00 00 00 00 00  00 00 00 00 00 00 00 00    ................
 c80    00 00 00 00 00 00 00 00  00 00 00 00 00 00 00 00    ................
 c90    00 00 00 00 00 00 00 00  00 00 00 00 00 00 00 00    ................
 ca0    00 00 00 00 00 00 00 00  00 00 00 00 00 00 00 00    ................
 cb0    00 00 00 00 00 00 00 00  00 00 00 00 00 00 00 00    ................
 cc0    00 00 00 00 00 00 00 00  00 00 00 00 00 00 00 07    ................
 cd0    00 00 00 00 00 00 00 00  00 00 00 00 00 00 00 00    ................
 ...
 ]
=== START OF INFORMATION SECTION ===
 [NVMe call: opcode=0x06, size=0x1000, nsid=0x00000001, cdw10=0x00000000]
 [NVMe call succeeded: result=0x00000000
 00     b0 12 9e 3b 00 00 00 00  b0 12 9e 3b 00 00 00 00    ...;.......;....
 10     48 06 9e 3b 00 00 00 00  00 00 00 00 00 00 00 00    H..;............
 20     80 01 00 00 00 00 00 00  00 00 00 00 00 00 00 00    ................
 30     00 00 00 00 00 00 00 00  00 00 00 00 00 00 00 00    ................
 40     00 00 00 00 00 00 00 00  00 00 00 00 00 00 00 00    ................
 50     00 00 00 00 00 00 00 00  00 00 00 00 00 00 00 00    ................
 60     00 00 00 00 00 00 00 00  00 00 00 00 00 00 00 00    ................
 70     00 00 00 00 00 00 00 00  00 00 00 00 00 00 00 00    ................
 80     00 00 09 00 00 00 00 00  00 00 00 00 00 00 00 00    ................
 90     00 00 00 00 00 00 00 00  00 00 00 00 00 00 00 00    ................
 ...
 ]
Model Number:                       TS512GMTE220S
Serial Number:                      G354730001
Firmware Version:                   42B4SAUA
PCI Vendor ID:                      0x126f
PCI Vendor Subsystem ID:            0x126f
IEEE OUI Identifier:                0x000000
Total NVM Capacity:                 0
Unallocated NVM Capacity:           0
Controller ID:                      1
NVMe Version:                       1.3
Number of Namespaces:               1
Namespace 1 Size:                   512,110,190,592 [512 GB]
Namespace 1 Capacity:               512,110,190,592 [512 GB]
Namespace 1 Utilization:            512,108,564,480 [512 GB]
Namespace 1 Formatted LBA Size:     512
Namespace 1 IEEE EUI-64:            000000 0000000000
Local Time is:                      Sun Apr 16 11:04:12 2023 CEST
Firmware Updates (0x14):            2 Slots, no Reset required
Optional Admin Commands (0x0017):   Security Format Frmw_DL Self_Test
Optional NVM Commands (0x005f):     Comp Wr_Unc DS_Mngmt Wr_Zero Sav/Sel_Feat Timestmp
Log Page Attributes (0x0f):         S/H_per_NS Cmd_Eff_Lg Ext_Get_Lg Telmtry_Lg
Maximum Data Transfer Size:         32 Pages
Warning  Comp. Temp. Threshold:     75 Celsius
Critical Comp. Temp. Threshold:     80 Celsius
Namespace 1 Features (0x00):        -

Supported Power States
St Op     Max   Active     Idle   RL RT WL WT  Ent_Lat  Ex_Lat
 0 +     9.00W       -        -    0  0  0  0        0       0

Supported LBA Sizes (NSID 0x1)
Id Fmt  Data  Metadt  Rel_Perf
 0 +     512       0         0

=== START OF SMART DATA SECTION ===
 [NVMe call: opcode=0x02, size=0x0200, nsid=0xffffffff, cdw10=0x007f0002]
  [Duration: 0.003s]
 [NVMe call succeeded: result=0x00000000
 00     04 40 01 64 0a 69 00 00  00 00 00 00 00 00 00 00    .@.d.i..........
 10     00 00 00 00 00 00 00 00  00 00 00 00 00 00 00 00    ................
 20     17 d9 3e 07 00 00 00 00  00 00 00 00 00 00 00 00    ..>.............
 30     c4 a3 a1 0e 00 00 00 00  00 00 00 00 00 00 00 00    ................
 40     98 46 d6 99 00 00 00 00  00 00 00 00 00 00 00 00    .F..............
 50     4a ce 8c 17 01 00 00 00  00 00 00 00 00 00 00 00    J...............
 60     96 fd 00 00 00 00 00 00  00 00 00 00 00 00 00 00    ................
 70     6d 01 00 00 00 00 00 00  00 00 00 00 00 00 00 00    m...............
 80     e1 46 00 00 00 00 00 00  00 00 00 00 00 00 00 00    .F..............
 90     1b 00 00 00 00 00 00 00  00 00 00 00 00 00 00 00    ................
 a0     00 00 00 00 00 00 00 00  00 00 00 00 00 00 00 00    ................
 b0     00 00 00 00 00 00 00 00  00 00 00 00 00 00 00 00    ................
 c0     00 00 00 00 00 00 00 00  00 00 00 00 00 00 00 00    ................
 d0     00 00 00 00 00 00 00 00  ef 01 00 00 00 00 00 00    ................
 e0     42 0b 00 00 00 00 00 00  00 00 00 00 00 00 00 00    B...............
 f0     00 00 00 00 00 00 00 00  00 00 00 00 00 00 00 00    ................
 ...
 ]
SMART overall-health self-assessment test result: FAILED!
- NVM subsystem reliability has been degraded

SMART/Health Information (NVMe Log 0x02)
Critical Warning:                   0x04
Temperature:                        47 Celsius
Available Spare:                    100%
Available Spare Threshold:          10%
Percentage Used:                    105%
Data Units Read:                    121,559,319 [62.2 TB]
Data Units Written:                 245,474,244 [125 TB]
Host Read Commands:                 2,580,956,824
Host Write Commands:                4,690,071,114
Controller Busy Time:               64,918
Power Cycles:                       365
Power On Hours:                     18,145
Unsafe Shutdowns:                   27
Media and Data Integrity Errors:    0
Error Information Log Entries:      0
Warning  Comp. Temperature Time:    0
Critical Comp. Temperature Time:    0
Temperature Sensor 1:               -
Temperature Sensor 2:               -
Temperature Sensor 3:               -
Temperature Sensor 4:               -
Temperature Sensor 5:               -
Temperature Sensor 6:               -
Temperature Sensor 7:               -
Temperature Sensor 8:               -
Thermal Temp. 1 Transition Count:   495
Thermal Temp. 2 Transition Count:   0
Thermal Temp. 1 Total Time:         2882
Thermal Temp. 2 Total Time:         0

 [NVMe call: opcode=0x02, size=0x0400, nsid=0xffffffff, cdw10=0x00ff0001]
  [Duration: 0.002s]
 [NVMe call succeeded: result=0x00000000
 00     00 00 00 00 00 00 00 00  00 00 00 00 00 00 00 00    ................
 10     00 00 00 00 00 00 00 00  00 00 00 00 00 00 00 00    ................
 ...
 ]
Error Information (NVMe Log 0x01, 16 of 256 entries)
No Errors Logged

root@server4:~#