C:\Program Files\smartmontools\bin>smartctl.exe -r ioctl,2 -d "aacraid,0,0,0" -a
 /dev/sda
smartctl 7.2 2020-12-30 r5155 [x86_64-w64-mingw32-2008r2-sp1] (sf-7.2-1)
Copyright (C) 2002-20, Bruce Allen, Christian Franke, www.smartmontools.org

buff  [inquiry: 12 00 00 00 24 00 ]

  Incoming data, len=36, resid=0:
 00     20 00 06 12 9f 01 10 02  48 49 54 41 43 48 49 20
 10     48 55 43 31 30 39 30 39  30 43 53 53 36 30 30 20
 20     41 34 34 30
\\.\Scsi0: [aacraid_disk_00_00_0] [SCSI]: Device open changed type from 'sat,aut
o+aacraid,0,0,0' to 'aacraid,0,0,0'
buff  [inquiry: 12 01 00 00 fc 00 ]

  Incoming data, len=252, resid=0:
 00     00 00 00 0c 00 03 80 83  86 87 88 8a 90 b1 d1 d2
 10     00 00 00 00 00 00 00 00  00 00 00 00 00 00 00 00
 20     00 00 00 00 00 00 00 00  00 00 00 00 00 00 00 00
 30     00 00 00 00 00 00 00 00  00 00 00 00 00 00 00 00
 40     00 00 00 00 00 00 00 00  00 00 00 00 00 00 00 00
 50     00 00 00 00 00 00 00 00  00 00 00 00 00 00 00 00
 60     00 00 00 00 00 00 00 00  00 00 00 00 00 00 00 00
 70     00 00 00 00 00 00 00 00  00 00 00 00 00 00 00 00
 80     00 00 00 00 00 00 00 00  00 00 00 00 00 00 00 00
 90     00 00 00 00 00 00 00 00  00 00 00 00 00 00 00 00
 a0     00 00 00 00 00 00 00 00  00 00 00 00 00 00 00 00
 b0     00 00 00 00 00 00 00 00  00 00 00 00 00 00 00 00
 c0     00 00 00 00 00 00 00 00  00 00 00 00 00 00 00 00
 d0     00 00 00 00 00 00 00 00  00 00 00 00 00 00 00 00
 e0     00 00 00 00 00 00 00 00  00 00 00 00 00 00 00 00
 f0     00 00 00 00 00 00 00 00  00 00 00 00
buff  [inquiry: 12 00 00 00 24 00 ]

  Incoming data, len=36, resid=0:
 00     20 00 06 12 9f 01 10 02  48 49 54 41 43 48 49 20
 10     48 55 43 31 30 39 30 39  30 43 53 53 36 30 30 20
 20     41 34 34 30
=== START OF INFORMATION SECTION ===
Vendor:               HITACHI
Product:              HUC109090CSS600
Revision:             A440
Compliance:           SPC-4
buff  [read capacity(16): 9e 10 00 00 00 00 00 00 00 00 00 00 00 20 00 00 ]

  Incoming data, len=32, resid=0:
 00     00 00 00 00 68 cb 9e 2f  00 00 02 00 00 00 00 00
 10     00 00 00 00 00 00 00 00  00 00 00 00 00 00 00 00
User Capacity:        900 185 481 216 bytes [900 GB]
Logical block size:   512 bytes
buff  [inquiry: 12 01 b1 00 40 00 ]

  Incoming data, len=64, resid=0:
 00     00 b1 00 3c 27 24 00 03  00 00 00 00 00 00 00 00
 10     00 00 00 00 00 00 00 00  00 00 00 00 00 00 00 00
 20     00 00 00 00 00 00 00 00  00 00 00 00 00 00 00 00
 30     00 00 00 00 00 00 00 00  00 00 00 00 00 00 00 00
Rotation Rate:        10020 rpm
Form Factor:          2.5 inches
buff  [mode sense(6): 1a 00 1c 00 40 00 ]

  Incoming data, len=64, resid=0:
 00     17 00 10 08 68 cb 9e 30  00 00 02 00 9c 0a 10 06
 10     00 00 00 00 00 00 00 00  00 00 00 00 00 00 00 00
 20     00 00 00 00 00 00 00 00  00 00 00 00 00 00 00 00
 30     00 00 00 00 00 00 00 00  00 00 00 00 00 00 00 00
buff  [mode sense(6): 1a 00 5c 00 40 00 ]

  Incoming data, len=64, resid=0:
 00     17 00 10 08 68 cb 9e 30  00 00 02 00 9c 0a bf 0f
 10     ff ff ff ff ff ff ff ff  00 00 00 00 00 00 00 00
 20     00 00 00 00 00 00 00 00  00 00 00 00 00 00 00 00
 30     00 00 00 00 00 00 00 00  00 00 00 00 00 00 00 00
buff  [inquiry: 12 01 83 00 fc 00 ]

Incoming data, len=252, resid=0:
 00     00 83 00 48 01 03 00 08  50 00 cc a0 16 81 54 78
 10     61 93 00 08 50 00 cc a0  16 81 54 79 61 94 00 04
 20     00 00 00 01 61 a3 00 08  50 00 cc a0 16 81 54 7b
 30     03 28 00 18 6e 61 61 2e  35 30 30 30 43 43 41 30
 40     31 36 38 31 35 34 37 42  00 00 00 00 00 00 00 00
 50     00 00 00 00 00 00 00 00  00 00 00 00 00 00 00 00
 60     00 00 00 00 00 00 00 00  00 00 00 00 00 00 00 00
 70     00 00 00 00 00 00 00 00  00 00 00 00 00 00 00 00
 80     00 00 00 00 00 00 00 00  00 00 00 00 00 00 00 00
 90     00 00 00 00 00 00 00 00  00 00 00 00 00 00 00 00
 a0     00 00 00 00 00 00 00 00  00 00 00 00 00 00 00 00
 b0     00 00 00 00 00 00 00 00  00 00 00 00 00 00 00 00
 c0     00 00 00 00 00 00 00 00  00 00 00 00 00 00 00 00
 d0     00 00 00 00 00 00 00 00  00 00 00 00 00 00 00 00
 e0     00 00 00 00 00 00 00 00  00 00 00 00 00 00 00 00
 f0     00 00 00 00 00 00 00 00  00 00 00 00
Logical Unit id:      0x5000cca016815478
buff  [inquiry: 12 01 80 00 fc 00 ]

  Incoming data, len=252, resid=0:
 00     00 80 00 10 20 20 20 20  20 20 20 20 4b 50 4a 39
 10     33 58 5a 46 00 00 00 00  00 00 00 00 00 00 00 00
 20     00 00 00 00 00 00 00 00  00 00 00 00 00 00 00 00
 30     00 00 00 00 00 00 00 00  00 00 00 00 00 00 00 00
 40     00 00 00 00 00 00 00 00  00 00 00 00 00 00 00 00
 50     00 00 00 00 00 00 00 00  00 00 00 00 00 00 00 00
 60     00 00 00 00 00 00 00 00  00 00 00 00 00 00 00 00
 70     00 00 00 00 00 00 00 00  00 00 00 00 00 00 00 00
 80     00 00 00 00 00 00 00 00  00 00 00 00 00 00 00 00
 90     00 00 00 00 00 00 00 00  00 00 00 00 00 00 00 00
 a0     00 00 00 00 00 00 00 00  00 00 00 00 00 00 00 00
 b0     00 00 00 00 00 00 00 00  00 00 00 00 00 00 00 00
 c0     00 00 00 00 00 00 00 00  00 00 00 00 00 00 00 00
 d0     00 00 00 00 00 00 00 00  00 00 00 00 00 00 00 00
 e0     00 00 00 00 00 00 00 00  00 00 00 00 00 00 00 00
 f0     00 00 00 00 00 00 00 00  00 00 00 00
Serial number:        KPJ93XZF
Device type:          disk
Transport protocol:   SAS (SPL-3)
Local Time is:        Thu Aug 19 22:37:41 2021 RTZST
buff  [test unit ready: 00 00 00 00 00 00 ]

SMART support is:     Available - device has SMART capability.
SMART support is:     Enabled
Temperature Warning:  Enabled

=== START OF READ SMART DATA SECTION ===
buff  [log sense: 4d 00 40 00 00 00 00 00 04 00 ]

  Incoming data, len=4, resid=0:
 00     00 00 00 0f
buff  [log sense: 4d 00 40 00 00 00 00 00 14 00 ]

  Incoming data, len=20, resid=0:
 00     00 00 00 0f 00 02 03 05  06 0d 0e 0f 10 15 18 1a
 10     2f 30 37 00
buff  [log sense: 4d 00 40 ff 00 00 00 3e fc 00 ]

  >>> Sense buffer, len=0: