#	Time of Day	Thread	Module	API	Return Value	Error	Duration

100	10:06:50.499 PM	1	iSmart.exe	DeviceIoControl ( 0x00000188, SMART_SEND_DRIVE_COMMAND, 0x0018d7e0, 33, 0x0018d804, 17, 0x0018d7dc, NULL )	TRUE		0.1349664
0000  00 00 00 00 d8 01 01 4f c2 a0 b0 00 00 00 00 00 00 00 00 00 00 00 00 00 00 00  .......O..................
001a  00 00 00 00 00 00 00                                                           .......                    

101	10:06:50.624 PM	1	iSmart.exe	DeviceIoControl ( 0x00000188, IOCTL_SCSI_PASS_THROUGH, 0x0018b9a0, 592, 0x0018b9a0, 592, 0x0018b99c, NULL )	TRUE		0.0000308
0000  2c 00 00 00 01 00 0c 20 01 00 00 00 24 00 00 00 1e 00 00 00 50 00 00 00 30 00  ,...... ....$.......P...0.
001a  00 00 12 00 00 00 24 00 00 00 00 00 00 00 00 00 00 00 00 00 00 00 00 00 00 00  ......$...................
0034  00 00 00 00 00 00 00 00 00 00 00 00 00 00 00 00 00 00 00 00 00 00 00 00 00 00  ..........................
004e  00 00 00 00 00 00 00 00 00 00 00 00 00 00 00 00 00 00 00 00 00 00 00 00 00 00  ..........................
0068  00 00 00 00 00 00 00 00 00 00 00 00 00 00 00 00 00 00 00 00 00 00 00 00 00 00  ..........................
0082  00 00 00 00 00 00 00 00 00 00 00 00 00 00 00 00 00 00 00 00 00 00 00 00 00 00  ..........................
009c  00 00 00 00 00 00 00 00 00 00 00 00 00 00 00 00 00 00 00 00 00 00 00 00 00 00  ..........................
00b6  00 00 00 00 00 00 00 00 00 00 00 00 00 00 00 00 00 00 00 00 00 00 00 00 00 00  ..........................
00d0  00 00 00 00 00 00 00 00 00 00 00 00 00 00 00 00 00 00 00 00 00 00 00 00 00 00  ..........................
00ea  00 00 00 00 00 00 00 00 00 00 00 00 00 00 00 00 00 00 00 00 00 00 00 00 00 00  ..........................
0104  00 00 00 00 00 00 00 00 00 00 00 00 00 00 00 00 00 00 00 00 00 00 00 00 00 00  ..........................
011e  00 00 00 00 00 00 00 00 00 00 00 00 00 00 00 00 00 00 00 00 00 00 00 00 00 00  ..........................
0138  00 00 00 00 00 00 00 00 00 00 00 00 00 00 00 00 00 00 00 00 00 00 00 00 00 00  ..........................
0152  00 00 00 00 00 00 00 00 00 00 00 00 00 00 00 00 00 00 00 00 00 00 00 00 00 00  ..........................
016c  00 00 00 00 00 00 00 00 00 00 00 00 00 00 00 00 00 00 00 00 00 00 00 00 00 00  ..........................
0186  00 00 00 00 00 00 00 00 00 00 00 00 00 00 00 00 00 00 00 00 00 00 00 00 00 00  ..........................
01a0  00 00 00 00 00 00 00 00 00 00 00 00 00 00 00 00 00 00 00 00 00 00 00 00 00 00  ..........................
01ba  00 00 00 00 00 00 00 00 00 00 00 00 00 00 00 00 00 00 00 00 00 00 00 00 00 00  ..........................
01d4  00 00 00 00 00 00 00 00 00 00 00 00 00 00 00 00 00 00 00 00 00 00 00 00 00 00  ..........................
01ee  00 00 00 00 00 00 00 00 00 00 00 00 00 00 00 00 00 00 00 00 00 00 00 00 00 00  ..........................
0208  00 00 00 00 00 00 00 00 00 00 00 00 00 00 00 00 00 00 00 00 00 00 00 00 00 00  ..........................
0222  00 00 00 00 00 00 00 00 00 00 00 00 00 00 00 00 00 00 00 00 00 00 00 00 00 00  ..........................
023c  00 00 00 00 00 00 00 00 00 00 00 00 00 00 00 00 00 00 00 00                    ....................       

102	10:06:50.624 PM	1	iSmart.exe	DeviceIoControl ( 0x00000188, SMART_RCV_DRIVE_DATA, 0x0018d5b4, 33, 0x0018e3c0, 528, 0x0018d5b0, NULL )	TRUE		0.0040556
0000  00 02 00 00 d0 01 01 4f c2 a0 b0 00 00 00 00 00 00 00 00 00 00 00 00 00 00 00  .......O..................
001a  00 00 00 00 00 00 00                                                           .......                    

103	10:06:50.639 PM	1	iSmart.exe	DeviceIoControl ( 0x00000188, SMART_RCV_DRIVE_DATA, 0x0018d5b4, 33, 0x0018e3c0, 528, 0x0018d5b0, NULL )	FALSE	1117 = The request could not be performed because of an I/O device error. 	0.0001860
0000  00 02 00 00 d1 01 01 4f c2 a0 b0 00 00 00 00 00 00 00 00 00 00 00 00 00 00 00  .......O..................
001a  00 00 00 00 00 00 00                                                           .......                    
