C:\Program Files\smartmontools\bin>smartctl -r ioctl,2 -A sda
smartctl 7.4 2023-08-01 r5530 [x86_64-w64-mingw32-w10-2004] (sf-7.4-1)
Copyright (C) 2002-23, Bruce Allen, Christian Franke, www.smartmontools.org

 \\.\PhysicalDrive0: successfully opened
  IOCTL_STORAGE_QUERY_PROPERTY returns:
    Vendor:   "(null)"
    Product:  "TS256GMTE110S"
    Revision: "S0725B0"
    Removable: No
    BusType:   0x11
  \\.\PhysicalDrive0: successfully opened
 [NVMe call: opcode=0x06, size=0x1000, nsid=0x00000000, cdw10=0x00000001]
  [STORAGE_QUERY_PROPERTY: Id=49, Type=1, Value=0x00000001, SubVal=0x00000000]
  [STORAGE_QUERY_PROPERTY: ReturnData=0x00000000, Reserved[3]={0x0, 0x0, 0x0}]
 [Duration: 0.004963s]
 [NVMe call succeeded: result=0x00000000
 00     6f 12 6f 12 32 45 32 34  31 32 30 34 46 32 35 30    o.o.2E241204F250
 10     35 33 33 36 30 33 33 34  54 53 32 35 36 47 4d 54    53360334TS256GMT
 20     45 31 31 30 53 20 20 20  20 20 20 20 20 20 20 20    E110S
 30     20 20 20 20 20 20 20 20  20 20 20 20 20 20 20 20
 40     53 30 37 32 35 42 30 20  06 01 00 00 00 06 01 00    S0725B0 ........
 50     00 03 01 00 f0 49 02 00  80 38 01 00 00 02 00 00    .....I...8......
 60     00 00 00 00 00 00 00 00  00 00 00 00 00 00 00 00    ................
 70     00 00 00 00 00 00 00 00  00 00 00 00 00 00 00 00    ................
 80     00 00 00 00 00 00 00 00  00 00 00 00 00 00 00 00    ................
 90     00 00 00 00 00 00 00 00  00 00 00 00 00 00 00 00    ................
 a0     00 00 00 00 00 00 00 00  00 00 00 00 00 00 00 00    ................
 b0     00 00 00 00 00 00 00 00  00 00 00 00 00 00 00 00    ................
 c0     00 00 00 00 00 00 00 00  00 00 00 00 00 00 00 00    ................
 d0     00 00 00 00 00 00 00 00  00 00 00 00 00 00 00 00    ................
 e0     00 00 00 00 00 00 00 00  00 00 00 00 00 00 00 00    ................
 f0     00 00 00 00 00 00 00 00  00 00 00 00 00 00 00 00    ................
 100    07 00 04 07 12 03 3f 00  00 01 64 01 6b 01 64 00    ......?...d.k.d.
 110    00 40 00 00 00 20 00 00  00 00 00 00 00 00 00 00    .@... ..........
 120    00 00 00 00 00 00 00 00  00 00 00 00 00 00 00 00    ................
 130    00 00 00 00 00 00 00 00  00 00 00 00 00 00 00 04    ................
 140    00 00 01 00 2f 01 2f 01  00 00 00 00 00 00 00 00    ...././.........
 150    00 00 00 00 00 00 00 00  00 00 00 00 00 00 00 00    ................
 160    00 00 00 00 00 00 00 00  00 00 00 00 00 00 00 00    ................
 170    00 00 00 00 00 00 00 00  00 00 00 00 00 00 00 00    ................
 180    00 00 00 00 00 00 00 00  00 00 00 00 00 00 00 00    ................
 190    00 00 00 00 00 00 00 00  00 00 00 00 00 00 00 00    ................
 1a0    00 00 00 00 00 00 00 00  00 00 00 00 00 00 00 00    ................
 1b0    00 00 00 00 00 00 00 00  00 00 00 00 00 00 00 00    ................
 1c0    00 00 00 00 00 00 00 00  00 00 00 00 00 00 00 00    ................
 1d0    00 00 00 00 00 00 00 00  00 00 00 00 00 00 00 00    ................
 1e0    00 00 00 00 00 00 00 00  00 00 00 00 00 00 00 00    ................
 1f0    00 00 00 00 00 00 00 00  00 00 00 00 00 00 00 00    ................
 200    66 44 00 00 01 00 00 00  1f 00 00 00 01 01 00 00    fD..............
 210    00 00 00 00 00 00 00 00  00 00 00 00 00 00 00 00    ................
 220    00 00 00 00 00 00 00 00  00 00 00 00 00 00 00 00    ................
 230    00 00 00 00 00 00 00 00  00 00 00 00 00 00 00 00    ................
 240    00 00 00 00 00 00 00 00  00 00 00 00 00 00 00 00    ................
 250    00 00 00 00 00 00 00 00  00 00 00 00 00 00 00 00    ................
 260    00 00 00 00 00 00 00 00  00 00 00 00 00 00 00 00    ................
 270    00 00 00 00 00 00 00 00  00 00 00 00 00 00 00 00    ................
 280    00 00 00 00 00 00 00 00  00 00 00 00 00 00 00 00    ................
 290    00 00 00 00 00 00 00 00  00 00 00 00 00 00 00 00    ................
 2a0    00 00 00 00 00 00 00 00  00 00 00 00 00 00 00 00    ................
 2b0    00 00 00 00 00 00 00 00  00 00 00 00 00 00 00 00    ................
 2c0    00 00 00 00 00 00 00 00  00 00 00 00 00 00 00 00    ................
 2d0    00 00 00 00 00 00 00 00  00 00 00 00 00 00 00 00    ................
 2e0    00 00 00 00 00 00 00 00  00 00 00 00 00 00 00 00    ................
 2f0    00 00 00 00 00 00 00 00  00 00 00 00 00 00 00 00    ................
 300    00 00 00 00 00 00 00 00  00 00 00 00 00 00 00 00    ................
 310    00 00 00 00 00 00 00 00  00 00 00 00 00 00 00 00    ................
 320    00 00 00 00 00 00 00 00  00 00 00 00 00 00 00 00    ................
 330    00 00 00 00 00 00 00 00  00 00 00 00 00 00 00 00    ................
 340    00 00 00 00 00 00 00 00  00 00 00 00 00 00 00 00    ................
 350    00 00 00 00 00 00 00 00  00 00 00 00 00 00 00 00    ................
 360    00 00 00 00 00 00 00 00  00 00 00 00 00 00 00 00    ................
 370    00 00 00 00 00 00 00 00  00 00 00 00 00 00 00 00    ................
 380    00 00 00 00 00 00 00 00  00 00 00 00 00 00 00 00    ................
 390    00 00 00 00 00 00 00 00  00 00 00 00 00 00 00 00    ................
 3a0    00 00 00 00 00 00 00 00  00 00 00 00 00 00 00 00    ................
 3b0    00 00 00 00 00 00 00 00  00 00 00 00 00 00 00 00    ................
 3c0    00 00 00 00 00 00 00 00  00 00 00 00 00 00 00 00    ................
 3d0    00 00 00 00 00 00 00 00  00 00 00 00 00 00 00 00    ................
 3e0    00 00 00 00 00 00 00 00  00 00 00 00 00 00 00 00    ................
 3f0    00 00 00 00 00 00 00 00  00 00 00 00 00 00 00 00    ................
 400    00 00 00 00 00 00 00 00  00 00 00 00 00 00 00 00    ................
 410    00 00 00 00 00 00 00 00  00 00 00 00 00 00 00 00    ................
 420    00 00 00 00 00 00 00 00  00 00 00 00 00 00 00 00    ................
 430    00 00 00 00 00 00 00 00  00 00 00 00 00 00 00 00    ................
 440    00 00 00 00 00 00 00 00  00 00 00 00 00 00 00 00    ................
 450    00 00 00 00 00 00 00 00  00 00 00 00 00 00 00 00    ................
 460    00 00 00 00 00 00 00 00  00 00 00 00 00 00 00 00    ................
 470    00 00 00 00 00 00 00 00  00 00 00 00 00 00 00 00    ................
 480    00 00 00 00 00 00 00 00  00 00 00 00 00 00 00 00    ................
 490    00 00 00 00 00 00 00 00  00 00 00 00 00 00 00 00    ................
 4a0    00 00 00 00 00 00 00 00  00 00 00 00 00 00 00 00    ................
 4b0    00 00 00 00 00 00 00 00  00 00 00 00 00 00 00 00    ................
 4c0    00 00 00 00 00 00 00 00  00 00 00 00 00 00 00 00    ................
 4d0    00 00 00 00 00 00 00 00  00 00 00 00 00 00 00 00    ................
 4e0    00 00 00 00 00 00 00 00  00 00 00 00 00 00 00 00    ................
 4f0    00 00 00 00 00 00 00 00  00 00 00 00 00 00 00 00    ................
 500    00 00 00 00 00 00 00 00  00 00 00 00 00 00 00 00    ................
 510    00 00 00 00 00 00 00 00  00 00 00 00 00 00 00 00    ................
 520    00 00 00 00 00 00 00 00  00 00 00 00 00 00 00 00    ................
 530    00 00 00 00 00 00 00 00  00 00 00 00 00 00 00 00    ................
 540    00 00 00 00 00 00 00 00  00 00 00 00 00 00 00 00    ................
 550    00 00 00 00 00 00 00 00  00 00 00 00 00 00 00 00    ................
 560    00 00 00 00 00 00 00 00  00 00 00 00 00 00 00 00    ................
 570    00 00 00 00 00 00 00 00  00 00 00 00 00 00 00 00    ................
 580    00 00 00 00 00 00 00 00  00 00 00 00 00 00 00 00    ................
 590    00 00 00 00 00 00 00 00  00 00 00 00 00 00 00 00    ................
 5a0    00 00 00 00 00 00 00 00  00 00 00 00 00 00 00 00    ................
 5b0    00 00 00 00 00 00 00 00  00 00 00 00 00 00 00 00    ................
 5c0    00 00 00 00 00 00 00 00  00 00 00 00 00 00 00 00    ................
 5d0    00 00 00 00 00 00 00 00  00 00 00 00 00 00 00 00    ................
 5e0    00 00 00 00 00 00 00 00  00 00 00 00 00 00 00 00    ................
 5f0    00 00 00 00 00 00 00 00  00 00 00 00 00 00 00 00    ................
 600    00 00 00 00 00 00 00 00  00 00 00 00 00 00 00 00    ................
 610    00 00 00 00 00 00 00 00  00 00 00 00 00 00 00 00    ................
 620    00 00 00 00 00 00 00 00  00 00 00 00 00 00 00 00    ................
 630    00 00 00 00 00 00 00 00  00 00 00 00 00 00 00 00    ................
 640    00 00 00 00 00 00 00 00  00 00 00 00 00 00 00 00    ................
 650    00 00 00 00 00 00 00 00  00 00 00 00 00 00 00 00    ................
 660    00 00 00 00 00 00 00 00  00 00 00 00 00 00 00 00    ................
 670    00 00 00 00 00 00 00 00  00 00 00 00 00 00 00 00    ................
 680    00 00 00 00 00 00 00 00  00 00 00 00 00 00 00 00    ................
 690    00 00 00 00 00 00 00 00  00 00 00 00 00 00 00 00    ................
 6a0    00 00 00 00 00 00 00 00  00 00 00 00 00 00 00 00    ................
 6b0    00 00 00 00 00 00 00 00  00 00 00 00 00 00 00 00    ................
 6c0    00 00 00 00 00 00 00 00  00 00 00 00 00 00 00 00    ................
 6d0    00 00 00 00 00 00 00 00  00 00 00 00 00 00 00 00    ................
 6e0    00 00 00 00 00 00 00 00  00 00 00 00 00 00 00 00    ................
 6f0    00 00 00 00 00 00 00 00  00 00 00 00 00 00 00 00    ................
 700    00 00 00 00 00 00 00 00  00 00 00 00 00 00 00 00    ................
 710    00 00 00 00 00 00 00 00  00 00 00 00 00 00 00 00    ................
 720    00 00 00 00 00 00 00 00  00 00 00 00 00 00 00 00    ................
 730    00 00 00 00 00 00 00 00  00 00 00 00 00 00 00 00    ................
 740    00 00 00 00 00 00 00 00  00 00 00 00 00 00 00 00    ................
 750    00 00 00 00 00 00 00 00  00 00 00 00 00 00 00 00    ................
 760    00 00 00 00 00 00 00 00  00 00 00 00 00 00 00 00    ................
 770    00 00 00 00 00 00 00 00  00 00 00 00 00 00 00 00    ................
 780    00 00 00 00 00 00 00 00  00 00 00 00 00 00 00 00    ................
 790    00 00 00 00 00 00 00 00  00 00 00 00 00 00 00 00    ................
 7a0    00 00 00 00 00 00 00 00  00 00 00 00 00 00 00 00    ................
 7b0    00 00 00 00 00 00 00 00  00 00 00 00 00 00 00 00    ................
 7c0    00 00 00 00 00 00 00 00  00 00 00 00 00 00 00 00    ................
 7d0    00 00 00 00 00 00 00 00  00 00 00 00 00 00 00 00    ................
 7e0    00 00 00 00 00 00 00 00  00 00 00 00 00 00 00 00    ................
 7f0    00 00 00 00 00 00 00 00  00 00 00 00 00 00 00 00    ................
 800    84 03 00 00 00 00 00 00  00 00 00 00 00 00 00 00    ................
 810    00 00 00 00 00 00 00 00  00 00 00 00 00 00 00 00    ................
 820    00 00 00 00 00 00 00 00  00 00 00 00 00 00 00 00    ................
 830    00 00 00 00 00 00 00 00  00 00 00 00 00 00 00 00    ................
 840    00 00 00 00 00 00 00 00  00 00 00 00 00 00 00 00    ................
 850    00 00 00 00 00 00 00 00  00 00 00 00 00 00 00 00    ................
 860    00 00 00 00 00 00 00 00  00 00 00 00 00 00 00 00    ................
 870    00 00 00 00 00 00 00 00  00 00 00 00 00 00 00 00    ................
 880    00 00 00 00 00 00 00 00  00 00 00 00 00 00 00 00    ................
 890    00 00 00 00 00 00 00 00  00 00 00 00 00 00 00 00    ................
 8a0    00 00 00 00 00 00 00 00  00 00 00 00 00 00 00 00    ................
 8b0    00 00 00 00 00 00 00 00  00 00 00 00 00 00 00 00    ................
 8c0    00 00 00 00 00 00 00 00  00 00 00 00 00 00 00 00    ................
 8d0    00 00 00 00 00 00 00 00  00 00 00 00 00 00 00 00    ................
 8e0    00 00 00 00 00 00 00 00  00 00 00 00 00 00 00 00    ................
 8f0    00 00 00 00 00 00 00 00  00 00 00 00 00 00 00 00    ................
 900    00 00 00 00 00 00 00 00  00 00 00 00 00 00 00 00    ................
 910    00 00 00 00 00 00 00 00  00 00 00 00 00 00 00 00    ................
 920    00 00 00 00 00 00 00 00  00 00 00 00 00 00 00 00    ................
 930    00 00 00 00 00 00 00 00  00 00 00 00 00 00 00 00    ................
 940    00 00 00 00 00 00 00 00  00 00 00 00 00 00 00 00    ................
 950    00 00 00 00 00 00 00 00  00 00 00 00 00 00 00 00    ................
 960    00 00 00 00 00 00 00 00  00 00 00 00 00 00 00 00    ................
 970    00 00 00 00 00 00 00 00  00 00 00 00 00 00 00 00    ................
 980    00 00 00 00 00 00 00 00  00 00 00 00 00 00 00 00    ................
 990    00 00 00 00 00 00 00 00  00 00 00 00 00 00 00 00    ................
 9a0    00 00 00 00 00 00 00 00  00 00 00 00 00 00 00 00    ................
 9b0    00 00 00 00 00 00 00 00  00 00 00 00 00 00 00 00    ................
 9c0    00 00 00 00 00 00 00 00  00 00 00 00 00 00 00 00    ................
 9d0    00 00 00 00 00 00 00 00  00 00 00 00 00 00 00 00    ................
 9e0    00 00 00 00 00 00 00 00  00 00 00 00 00 00 00 00    ................
 9f0    00 00 00 00 00 00 00 00  00 00 00 00 00 00 00 00    ................
 a00    00 00 00 00 00 00 00 00  00 00 00 00 00 00 00 00    ................
 a10    00 00 00 00 00 00 00 00  00 00 00 00 00 00 00 00    ................
 a20    00 00 00 00 00 00 00 00  00 00 00 00 00 00 00 00    ................
 a30    00 00 00 00 00 00 00 00  00 00 00 00 00 00 00 00    ................
 a40    00 00 00 00 00 00 00 00  00 00 00 00 00 00 00 00    ................
 a50    00 00 00 00 00 00 00 00  00 00 00 00 00 00 00 00    ................
 a60    00 00 00 00 00 00 00 00  00 00 00 00 00 00 00 00    ................
 a70    00 00 00 00 00 00 00 00  00 00 00 00 00 00 00 00    ................
 a80    00 00 00 00 00 00 00 00  00 00 00 00 00 00 00 00    ................
 a90    00 00 00 00 00 00 00 00  00 00 00 00 00 00 00 00    ................
 aa0    00 00 00 00 00 00 00 00  00 00 00 00 00 00 00 00    ................
 ab0    00 00 00 00 00 00 00 00  00 00 00 00 00 00 00 00    ................
 ac0    00 00 00 00 00 00 00 00  00 00 00 00 00 00 00 00    ................
 ad0    00 00 00 00 00 00 00 00  00 00 00 00 00 00 00 00    ................
 ae0    00 00 00 00 00 00 00 00  00 00 00 00 00 00 00 00    ................
 af0    00 00 00 00 00 00 00 00  00 00 00 00 00 00 00 00    ................
 b00    00 00 00 00 00 00 00 00  00 00 00 00 00 00 00 00    ................
 b10    00 00 00 00 00 00 00 00  00 00 00 00 00 00 00 00    ................
 b20    00 00 00 00 00 00 00 00  00 00 00 00 00 00 00 00    ................
 b30    00 00 00 00 00 00 00 00  00 00 00 00 00 00 00 00    ................
 b40    00 00 00 00 00 00 00 00  00 00 00 00 00 00 00 00    ................
 b50    00 00 00 00 00 00 00 00  00 00 00 00 00 00 00 00    ................
 b60    00 00 00 00 00 00 00 00  00 00 00 00 00 00 00 00    ................
 b70    00 00 00 00 00 00 00 00  00 00 00 00 00 00 00 00    ................
 b80    00 00 00 00 00 00 00 00  00 00 00 00 00 00 00 00    ................
 b90    00 00 00 00 00 00 00 00  00 00 00 00 00 00 00 00    ................
 ba0    00 00 00 00 00 00 00 00  00 00 00 00 00 00 00 00    ................
 bb0    00 00 00 00 00 00 00 00  00 00 00 00 00 00 00 00    ................
 bc0    00 00 00 00 00 00 00 00  00 00 00 00 00 00 00 00    ................
 bd0    00 00 00 00 00 00 00 00  00 00 00 00 00 00 00 00    ................
 be0    00 00 00 00 00 00 00 00  00 00 00 00 00 00 00 00    ................
 bf0    00 00 00 00 00 00 00 00  00 00 00 00 00 00 00 00    ................
 c00    00 00 00 00 00 00 00 00  00 00 00 00 00 00 00 00    ................
 c10    00 00 00 00 00 00 00 00  00 00 00 00 00 00 00 00    ................
 c20    00 00 00 00 00 00 00 00  00 00 00 00 00 00 00 00    ................
 c30    00 00 00 00 00 00 00 00  00 00 00 00 00 00 00 00    ................
 c40    00 00 00 00 00 00 00 00  00 00 00 00 00 00 00 00    ................
 c50    00 00 00 00 00 00 00 00  00 00 00 00 00 00 00 00    ................
 c60    00 00 00 00 00 00 00 00  00 00 00 00 00 00 00 00    ................
 c70    00 00 00 00 00 00 00 00  00 00 00 00 00 00 00 00    ................
 c80    00 00 00 00 00 00 00 00  00 00 00 00 00 00 00 00    ................
 c90    00 00 00 00 00 00 00 00  00 00 00 00 00 00 00 00    ................
 ca0    00 00 00 00 00 00 00 00  00 00 00 00 00 00 00 00    ................
 cb0    00 00 00 00 00 00 00 00  00 00 00 00 00 00 00 00    ................
 cc0    00 00 00 00 00 00 00 00  00 00 00 00 00 00 00 01    ................
 cd0    00 00 00 00 00 00 00 00  00 00 00 00 00 00 00 00    ................
 ...
 ]
=== START OF SMART DATA SECTION ===
 [NVMe call: opcode=0x02, size=0x0200, nsid=0xffffffff, cdw10=0x007f0002]
  [STORAGE_QUERY_PROPERTY: Id=50, Type=2, Value=0x00000002, SubVal=0x00000000]
  [STORAGE_QUERY_PROPERTY: ReturnData=0x00000000, Reserved[3]={0x0, 0x0, 0x0}]
 [Duration: 0.006262s]
 [NVMe call succeeded: result=0x00000000
 00     00 3d 01 1d 0a 02 00 00  00 00 00 00 00 00 00 00    .=..............
 10     00 00 00 00 00 00 00 00  00 00 00 00 00 00 00 00    ................
 20     9c bb 5b 01 00 00 00 00  00 00 00 00 00 00 00 00    ..[.............
 30     82 8b 24 01 00 00 00 00  00 00 00 00 00 00 00 00    ..$.............
 40     5c 3e 89 2c 00 00 00 00  00 00 00 00 00 00 00 00    \>.,............
 50     49 bb 78 20 00 00 00 00  00 00 00 00 00 00 00 00    I.x ............
 60     13 a7 00 00 00 00 00 00  00 00 00 00 00 00 00 00    ................
 70     40 07 00 00 00 00 00 00  00 00 00 00 00 00 00 00    @...............
 80     8a 47 00 00 00 00 00 00  00 00 00 00 00 00 00 00    .G..............
 90     29 01 00 00 00 00 00 00  00 00 00 00 00 00 00 00    )...............
 a0     00 00 00 00 00 00 00 00  00 00 00 00 00 00 00 00    ................
 ...
 ]
SMART/Health Information (NVMe Log 0x02)
Critical Warning:                   0x00
Temperature:                        44 Celsius
Available Spare:                    29%
Available Spare Threshold:          10%
Percentage Used:                    2%
Data Units Read:                    22 789 020 [11,6 TB]
Data Units Written:                 19 172 226 [9,81 TB]
Host Read Commands:                 747 191 900
Host Write Commands:                544 783 177
Controller Busy Time:               42 771
Power Cycles:                       1 856
Power On Hours:                     18 314
Unsafe Shutdowns:                   297
Media and Data Integrity Errors:    0
Error Information Log Entries:      0
Warning  Comp. Temperature Time:    0
Critical Comp. Temperature Time:    0
Temperature Sensor 1:               -
Temperature Sensor 2:               -
Temperature Sensor 3:               -
Temperature Sensor 4:               -
Temperature Sensor 5:               -
Temperature Sensor 6:               -
Temperature Sensor 7:               -
Temperature Sensor 8:               -
Thermal Temp. 1 Transition Count:   0
Thermal Temp. 2 Transition Count:   0
Thermal Temp. 1 Total Time:         0
Thermal Temp. 2 Total Time:         0