smartctl 7.2 2020-12-30 r5155 [x86_64-w64-mingw32-w10-b19043] (sf-7.2-1)
Copyright (C) 2002-20, Bruce Allen, Christian Franke, www.smartmontools.org

 \\.\PhysicalDrive4: successfully opened
  IOCTL_STORAGE_QUERY_PROPERTY returns:
    Vendor:   "Seagate"
    Product:  "Portable"
    Revision: "SF04"
    Removable: No
    BusType:   0x07
\.\\PHYSICALDRIVE4 --> "Seagate Portable USB Device":
 \\LK-LENOVO\root\cimv2:Win32_USBController.DeviceID="PCI\\VEN_8086&DEV_A36D&SUBSYS_380317AA&REV_10\\3&11583659&1&A0":
  |   "USB\\ROOT_HUB30\\4&9A2D49E&0&0"
  +-> "USB\\VID_04F2&PID_B604\\0001" [0x04f2:0xb604]
  +-> "USB\\VID_04F2&PID_B604&MI_00\\6&31E07F50&1&0000" [0x04f2:0xb604]
  +-> "USB\\VID_8087&PID_0AAA\\5&1F17A3C9&0&14" [0x8087:0x0aaa]
  |   "BTH\\MS_RFCOMM\\6&2DE9276C&0&0"
  |   "BTH\\MS_BTHBRB\\6&2DE9276C&0&1"
  |   "BTH\\MS_BTHPAN\\6&2DE9276C&0&2"
  |   "BTH\\MS_BTHLE\\6&2DE9276C&0&3"
  +-> "USB\\VID_1058&PID_10A8\\57583331413335354E4A444A" [0x1058:0x10a8]
  +--> "USBSTOR\\DISK&VEN_WD&PROD_ELEMENTS_10A8&REV_1042\\57583331413335354E4A444A&0"
  +---> ("WD Elements 10A8 USB Device")
  +-> "USB\\VID_0BC2&PID_2332\\2GH72XVZ" [0x0bc2:0x2332]
  +--> "USBSTOR\\DISK&VEN_SEAGATE&PROD_PORTABLE&REV_SF04\\2GH72XVZ&0"
  +===> "Seagate Portable USB Device" [0x0bc2:0x2332]
  +-> "USB\\VID_1058&PID_0827\\575831314141354C39304B31" [0x1058:0x0827]
  +--> "USBSTOR\\DISK&VEN_WD&PROD_MY_PASSPORT_0827&REV_1012\\575831314141354C39304B31&0"
  +---> ("WD My Passport 0827 USB Device")
  +--> "USBSTOR\\OTHER&VEN_WD&PROD_SES_DEVICE&REV_1012\\575831314141354C39304B31&1"
  +---> ("WD SES Device")

REPORT-IOCTL: Device=/dev/sde Command=CHECK POWER MODE
 Input:   FR=...., SC=...., LL=...., LM=...., LH=...., DEV=...., CMD=0xe5
 [ata pass-through(16): 85 06 2c 00 00 00 00 00 00 00 00 00 00 00 e5 00 ]
  >>> Sense buffer, len=8:
 00     00 00 00 00 00 00 00 00
  status=2: sense_key=0 asc=0 ascq=0
 [Duration: 60.030s]
CHECK POWER MODE: incomplete response, ATA output registers missing
REPORT-IOCTL: Device=/dev/sde Command=CHECK POWER MODE returned -1 errno=40 [Function not implemented]
Sector Count Register (BASE-16): 00
CHECK POWER MODE not implemented, ignoring -n option

REPORT-IOCTL: Device=/dev/sde Command=IDENTIFY DEVICE
 Input:   FR=...., SC=0x01, LL=...., LM=...., LH=...., DEV=...., CMD=0xec IN
 [ata pass-through(16): 85 08 0e 00 00 00 01 00 00 00 00 00 00 00 ec 00 ]
  >>> Sense buffer, len=22:
 00     72 00 00 00 00 00 00 0e  09 0c 00 00 01 01 00 00
 10     00 00 00 00 e0 50
  status=2: [desc] sense_key=0 asc=0 ascq=0
  Incoming data, len=512, resid=512 [only first 256 bytes shown]:
 00     5a 0c ff 3f 37 c8 10 00  00 00 00 00 3f 00 00 00
 10     00 00 00 00 20 20 20 20  20 20 20 20 20 20 20 20
 20     56 35 4c 45 48 31 51 33  00 00 00 40 04 00 30 30
 30     32 30 53 42 31 4d 54 53  35 39 30 30 32 33 41 35
 40     20 53 20 20 20 20 20 20  20 20 20 20 20 20 20 20
 50     20 20 20 20 20 20 20 20  20 20 20 20 20 20 10 80
 60     00 00 00 2f 00 40 00 02  00 02 07 00 ff 3f 10 00
 70     3f 00 10 fc fb 00 10 01  ff ff ff 0f 00 00 07 00
 80     03 00 78 00 78 00 78 00  78 00 00 00 00 00 00 00
 90     00 00 00 00 00 00 1f 00  02 05 00 00 48 00 40 00
 a0     f0 01 29 00 6b 34 09 7d  23 61 69 34 09 bc 23 61
 b0     7f 10 46 00 46 00 80 80  fe ff 00 00 00 fe 00 00
 c0     00 00 00 00 00 00 00 00  30 60 38 3a 00 00 00 00
 d0     00 00 00 00 00 00 00 00  00 50 00 c5 a4 45 ec a9
 e0     00 00 00 00 00 00 00 00  00 00 00 00 00 00 1e 40
 f0     1c 40 00 00 00 00 00 00  00 00 00 00 00 00 00 00
 [Duration: 0.007s]
REPORT-IOCTL: Device=/dev/sde Command=IDENTIFY DEVICE returned -1 errno=5 [SAT command failed]

===== [IDENTIFY DEVICE] DATA START (BASE-16) =====
000-015: 5a 0c ff 3f 37 c8 10 00 00 00 00 00 3f 00 00 00 |Z..?7.......?...|
016-031: 00 00 00 00 20 20 20 20 20 20 20 20 20 20 20 20 |....            |
032-047: 56 35 4c 45 48 31 51 33 00 00 00 40 04 00 30 30 |V5LEH1Q3...@..00|
048-063: 32 30 53 42 31 4d 54 53 35 39 30 30 32 33 41 35 |20SB1MTS590023A5|
064-079: 20 53 20 20 20 20 20 20 20 20 20 20 20 20 20 20 | S              |
080-095: 20 20 20 20 20 20 20 20 20 20 20 20 20 20 10 80 |              ..|
096-111: 00 00 00 2f 00 40 00 02 00 02 07 00 ff 3f 10 00 |.../.@.......?..|
112-127: 3f 00 10 fc fb 00 10 01 ff ff ff 0f 00 00 07 00 |?...............|
128-143: 03 00 78 00 78 00 78 00 78 00 00 00 00 00 00 00 |..x.x.x.x.......|
144-159: 00 00 00 00 00 00 1f 00 02 05 00 00 48 00 40 00 |............H.@.|
160-175: f0 01 29 00 6b 34 09 7d 23 61 69 34 09 bc 23 61 |..).k4.}#ai4..#a|
176-191: 7f 10 46 00 46 00 80 80 fe ff 00 00 00 fe 00 00 |..F.F...........|
192-207: 00 00 00 00 00 00 00 00 30 60 38 3a 00 00 00 00 |........0`8:....|
208-223: 00 00 00 00 00 00 00 00 00 50 00 c5 a4 45 ec a9 |.........P...E..|
224-239: 00 00 00 00 00 00 00 00 00 00 00 00 00 00 1e 40 |...............@|
240-255: 1c 40 00 00 00 00 00 00 00 00 00 00 00 00 00 00 |.@..............|
256-271: 21 00 30 60 38 3a 30 60 38 3a 20 20 02 00 40 01 |!.0`8:0`8:  ..@.|
272-287: 00 01 00 50 06 3c 0a 3c 00 00 3c 00 00 00 08 00 |...P.<.<..<.....|
288-303: 00 00 00 00 1f 00 80 02 00 00 00 00 08 00 00 00 |................|
304-319: 00 00 00 00 00 00 00 00 00 00 00 00 00 3c 00 80 |.............<..|
320-335: 00 00 00 00 00 00 00 00 00 00 00 00 00 00 00 00 |................|
336-351: 00 00 00 00 00 00 00 00 00 00 00 00 00 00 00 00 |................|
352-367: 00 00 00 00 00 00 00 00 00 00 00 00 00 00 00 00 |................|
368-383: 00 00 00 00 00 00 00 00 00 00 00 00 00 00 00 00 |................|
384-399: 00 00 00 00 00 00 00 00 00 00 00 00 00 00 00 00 |................|
400-415: 00 00 00 00 00 00 00 00 00 00 00 00 3b 10 00 00 |............;...|
416-431: 00 00 00 00 00 00 00 00 00 00 00 00 00 00 00 00 |................|
432-447: 00 00 18 15 00 00 00 00 00 00 00 00 10 10 00 00 |................|
448-463: 00 00 00 00 00 00 00 00 00 00 00 00 00 00 00 00 |................|
464-479: 00 00 00 00 00 00 00 00 00 00 00 00 00 00 00 00 |................|
480-495: 00 00 00 00 00 00 00 00 00 00 00 00 00 00 00 00 |................|
496-511: 00 00 00 00 00 00 00 00 00 00 00 00 00 00 a5 51 |...............Q|
===== [IDENTIFY DEVICE] DATA END (512 Bytes) =====


REPORT-IOCTL: Device=/dev/sde Command=IDENTIFY PACKET DEVICE
 Input:   FR=...., SC=0x01, LL=...., LM=...., LH=...., DEV=...., CMD=0xa1 IN
 [ata pass-through(16): 85 08 0e 00 00 00 01 00 00 00 00 00 00 00 a1 00 ]
sat_device::ata_pass_through: scsi_pass_through() failed, errno=5 [IOCTL_SCSI_PASS_THROUGH_DIRECT failed, Error=121]
 [Duration: 17.193s]
REPORT-IOCTL: Device=/dev/sde Command=IDENTIFY PACKET DEVICE returned -1 errno=5 [IOCTL_SCSI_PASS_THROUGH_DIRECT failed, Error=121]

===== [IDENTIFY PACKET DEVICE] DATA START (BASE-16) =====
000-015: 00 00 00 00 00 00 00 00 00 00 00 00 00 00 00 00 |................|
016-031: 00 00 00 00 00 00 00 00 00 00 00 00 00 00 00 00 |................|
032-047: 00 00 00 00 00 00 00 00 00 00 00 00 00 00 00 00 |................|
048-063: 00 00 00 00 00 00 00 00 00 00 00 00 00 00 00 00 |................|
064-079: 00 00 00 00 00 00 00 00 00 00 00 00 00 00 00 00 |................|
080-095: 00 00 00 00 00 00 00 00 00 00 00 00 00 00 00 00 |................|
096-111: 00 00 00 00 00 00 00 00 00 00 00 00 00 00 00 00 |................|
112-127: 00 00 00 00 00 00 00 00 00 00 00 00 00 00 00 00 |................|
128-143: 00 00 00 00 00 00 00 00 00 00 00 00 00 00 00 00 |................|
144-159: 00 00 00 00 00 00 00 00 00 00 00 00 00 00 00 00 |................|
160-175: 00 00 00 00 00 00 00 00 00 00 00 00 00 00 00 00 |................|
176-191: 00 00 00 00 00 00 00 00 00 00 00 00 00 00 00 00 |................|
192-207: 00 00 00 00 00 00 00 00 00 00 00 00 00 00 00 00 |................|
208-223: 00 00 00 00 00 00 00 00 00 00 00 00 00 00 00 00 |................|
224-239: 00 00 00 00 00 00 00 00 00 00 00 00 00 00 00 00 |................|
240-255: 00 00 00 00 00 00 00 00 00 00 00 00 00 00 00 00 |................|
256-271: 00 00 00 00 00 00 00 00 00 00 00 00 00 00 00 00 |................|
272-287: 00 00 00 00 00 00 00 00 00 00 00 00 00 00 00 00 |................|
288-303: 00 00 00 00 00 00 00 00 00 00 00 00 00 00 00 00 |................|
304-319: 00 00 00 00 00 00 00 00 00 00 00 00 00 00 00 00 |................|
320-335: 00 00 00 00 00 00 00 00 00 00 00 00 00 00 00 00 |................|
336-351: 00 00 00 00 00 00 00 00 00 00 00 00 00 00 00 00 |................|
352-367: 00 00 00 00 00 00 00 00 00 00 00 00 00 00 00 00 |................|
368-383: 00 00 00 00 00 00 00 00 00 00 00 00 00 00 00 00 |................|
384-399: 00 00 00 00 00 00 00 00 00 00 00 00 00 00 00 00 |................|
400-415: 00 00 00 00 00 00 00 00 00 00 00 00 00 00 00 00 |................|
416-431: 00 00 00 00 00 00 00 00 00 00 00 00 00 00 00 00 |................|
432-447: 00 00 00 00 00 00 00 00 00 00 00 00 00 00 00 00 |................|
448-463: 00 00 00 00 00 00 00 00 00 00 00 00 00 00 00 00 |................|
464-479: 00 00 00 00 00 00 00 00 00 00 00 00 00 00 00 00 |................|
480-495: 00 00 00 00 00 00 00 00 00 00 00 00 00 00 00 00 |................|
496-511: 00 00 00 00 00 00 00 00 00 00 00 00 00 00 00 00 |................|
===== [IDENTIFY PACKET DEVICE] DATA END (512 Bytes) =====

Read Device Identity failed: SAT command failed

A mandatory SMART command failed: exiting. To continue, add one or more '-T permissive' options.
