smartctl 7.2 2020-12-30 r5155 [x86_64-w64-mingw32-w10-b19043] (sf-7.2-1)
Copyright (C) 2002-20, Bruce Allen, Christian Franke, www.smartmontools.org

 \\.\PhysicalDrive3: successfully opened
  IOCTL_STORAGE_QUERY_PROPERTY returns:
    Vendor:   "Seagate"
    Product:  "Portable"
    Revision: "SF04"
    Removable: No
    BusType:   0x07
\.\\PHYSICALDRIVE3 --> "Seagate Portable USB Device":
 \\LK-LENOVO\root\cimv2:Win32_USBController.DeviceID="PCI\\VEN_8086&DEV_A36D&SUBSYS_380317AA&REV_10\\3&11583659&1&A0":
  |   "USB\\ROOT_HUB30\\4&9A2D49E&0&0"
  +-> "USB\\VID_04F2&PID_B604\\0001" [0x04f2:0xb604]
  +-> "USB\\VID_04F2&PID_B604&MI_00\\6&31E07F50&1&0000" [0x04f2:0xb604]
  +-> "USB\\VID_8087&PID_0AAA\\5&1F17A3C9&0&14" [0x8087:0x0aaa]
  |   "BTH\\MS_RFCOMM\\6&2DE9276C&0&0"
  |   "BTH\\MS_BTHBRB\\6&2DE9276C&0&1"
  |   "BTH\\MS_BTHPAN\\6&2DE9276C&0&2"
  |   "BTH\\MS_BTHLE\\6&2DE9276C&0&3"
  +-> "USB\\VID_1058&PID_10A8\\57583331413335354E4A444A" [0x1058:0x10a8]
  +--> "USBSTOR\\DISK&VEN_WD&PROD_ELEMENTS_10A8&REV_1042\\57583331413335354E4A444A&0"
  +---> ("WD Elements 10A8 USB Device")
  +-> "USB\\VID_1058&PID_1048\\575831314532335432323133" [0x1058:0x1048]
  +--> "USBSTOR\\DISK&VEN_WD&PROD_ELEMENTS_1048&REV_1022\\575831314532335432323133&0"
  +---> ("WD Elements 1048 USB Device")
  +-> "USB\\VID_0BC2&PID_2332\\2GH72XVZ" [0x0bc2:0x2332]
  +--> "USBSTOR\\DISK&VEN_SEAGATE&PROD_PORTABLE&REV_SF04\\2GH72XVZ&0"
  +===> "Seagate Portable USB Device" [0x0bc2:0x2332]

REPORT-IOCTL: Device=/dev/sdd Command=CHECK POWER MODE
 Input:   FR=...., SC=...., LL=...., LM=...., LH=...., DEV=...., CMD=0xe5
 [ata pass-through(16): 85 06 2c 00 00 00 00 00 00 00 00 00 00 00 e5 00 ]
  >>> Sense buffer, len=22:
 00     72 00 00 00 00 00 00 0e  09 0c 00 00 ff ff 00 00
 10     00 00 00 00 e0 50
  status=2: [desc] sense_key=0 asc=0 ascq=0
Values from ATA Return Descriptor are:
 00     09 0c 00 00 ff ff 00 00  00 00 00 00 e0 50
 [Duration: 0.001s]
 Output: ERR=0x00, SC=0xff, LL=0x00, LM=0x00, LH=0x00, DEV=0xe0, STS=0x50
REPORT-IOCTL: Device=/dev/sdd Command=CHECK POWER MODE returned 0
Sector Count Register (BASE-16): ff

REPORT-IOCTL: Device=/dev/sdd Command=IDENTIFY DEVICE
 Input:   FR=...., SC=0x01, LL=...., LM=...., LH=...., DEV=...., CMD=0xec IN
 [ata pass-through(16): 85 08 0e 00 00 00 01 00 00 00 00 00 00 00 ec 00 ]
  Incoming data, len=512, resid=0 [only first 256 bytes shown]:
 00     5a 0c ff 3f 37 c8 10 00  00 00 00 00 3f 00 00 00
 10     00 00 00 00 20 20 20 20  20 20 20 20 20 20 20 20
 20     56 35 4c 45 48 31 51 33  00 00 00 40 04 00 30 30
 30     32 30 53 42 31 4d 54 53  35 39 30 30 32 33 41 35
 40     20 53 20 20 20 20 20 20  20 20 20 20 20 20 20 20
 50     20 20 20 20 20 20 20 20  20 20 20 20 20 20 10 80
 60     00 00 00 2f 00 40 00 02  00 02 07 00 ff 3f 10 00
 70     3f 00 10 fc fb 00 10 01  ff ff ff 0f 00 00 07 00
 80     03 00 78 00 78 00 78 00  78 00 00 00 00 00 00 00
 90     00 00 00 00 00 00 1f 00  02 05 00 00 48 00 40 00
 a0     f0 01 29 00 6b 34 09 7d  23 61 69 34 09 bc 23 61
 b0     7f 10 46 00 46 00 80 80  fe ff 00 00 00 fe 00 00
 c0     00 00 00 00 00 00 00 00  30 60 38 3a 00 00 00 00
 d0     00 00 00 00 00 00 00 00  00 50 00 c5 a4 45 ec a9
 e0     00 00 00 00 00 00 00 00  00 00 00 00 00 00 1e 40
 f0     1c 40 00 00 00 00 00 00  00 00 00 00 00 00 00 00
 [Duration: 0.001s]
REPORT-IOCTL: Device=/dev/sdd Command=IDENTIFY DEVICE returned 0

===== [IDENTIFY DEVICE] DATA START (BASE-16) =====
000-015: 5a 0c ff 3f 37 c8 10 00 00 00 00 00 3f 00 00 00 |Z..?7.......?...|
016-031: 00 00 00 00 20 20 20 20 20 20 20 20 20 20 20 20 |....            |
032-047: 56 35 4c 45 48 31 51 33 00 00 00 40 04 00 30 30 |V5LEH1Q3...@..00|
048-063: 32 30 53 42 31 4d 54 53 35 39 30 30 32 33 41 35 |20SB1MTS590023A5|
064-079: 20 53 20 20 20 20 20 20 20 20 20 20 20 20 20 20 | S              |
080-095: 20 20 20 20 20 20 20 20 20 20 20 20 20 20 10 80 |              ..|
096-111: 00 00 00 2f 00 40 00 02 00 02 07 00 ff 3f 10 00 |.../.@.......?..|
112-127: 3f 00 10 fc fb 00 10 01 ff ff ff 0f 00 00 07 00 |?...............|
128-143: 03 00 78 00 78 00 78 00 78 00 00 00 00 00 00 00 |..x.x.x.x.......|
144-159: 00 00 00 00 00 00 1f 00 02 05 00 00 48 00 40 00 |............H.@.|
160-175: f0 01 29 00 6b 34 09 7d 23 61 69 34 09 bc 23 61 |..).k4.}#ai4..#a|
176-191: 7f 10 46 00 46 00 80 80 fe ff 00 00 00 fe 00 00 |..F.F...........|
192-207: 00 00 00 00 00 00 00 00 30 60 38 3a 00 00 00 00 |........0`8:....|
208-223: 00 00 00 00 00 00 00 00 00 50 00 c5 a4 45 ec a9 |.........P...E..|
224-239: 00 00 00 00 00 00 00 00 00 00 00 00 00 00 1e 40 |...............@|
240-255: 1c 40 00 00 00 00 00 00 00 00 00 00 00 00 00 00 |.@..............|
256-271: 21 00 30 60 38 3a 30 60 38 3a 20 20 02 00 40 01 |!.0`8:0`8:  ..@.|
272-287: 00 01 00 50 06 3c 0a 3c 00 00 3c 00 00 00 08 00 |...P.<.<..<.....|
288-303: 00 00 00 00 1f 00 80 02 00 00 00 00 08 00 00 00 |................|
304-319: 00 00 00 00 00 00 00 00 00 00 00 00 00 3c 00 80 |.............<..|
320-335: 00 00 00 00 00 00 00 00 00 00 00 00 00 00 00 00 |................|
336-351: 00 00 00 00 00 00 00 00 00 00 00 00 00 00 00 00 |................|
352-367: 00 00 00 00 00 00 00 00 00 00 00 00 00 00 00 00 |................|
368-383: 00 00 00 00 00 00 00 00 00 00 00 00 00 00 00 00 |................|
384-399: 00 00 00 00 00 00 00 00 00 00 00 00 00 00 00 00 |................|
400-415: 00 00 00 00 00 00 00 00 00 00 00 00 3b 10 00 00 |............;...|
416-431: 00 00 00 00 00 00 00 00 00 00 00 00 00 00 00 00 |................|
432-447: 00 00 18 15 00 00 00 00 00 00 00 00 10 10 00 00 |................|
448-463: 00 00 00 00 00 00 00 00 00 00 00 00 00 00 00 00 |................|
464-479: 00 00 00 00 00 00 00 00 00 00 00 00 00 00 00 00 |................|
480-495: 00 00 00 00 00 00 00 00 00 00 00 00 00 00 00 00 |................|
496-511: 00 00 00 00 00 00 00 00 00 00 00 00 00 00 a5 51 |...............Q|
===== [IDENTIFY DEVICE] DATA END (512 Bytes) =====

=== START OF INFORMATION SECTION ===
Model Family:     Seagate Momentus 5400.6
Device Model:     ST9500325AS
Serial Number:    5VEL1H3Q
LU WWN Device Id: 5 000c50 045a4a9ec
Firmware Version: 0002BSM1
User Capacity:    500.107.862.016 bytes [500 GB]
Sector Size:      512 bytes logical/physical
Rotation Rate:    5400 rpm
Device is:        In smartctl database [for details use: -P show]
ATA Version is:   ATA8-ACS T13/1699-D revision 4
SATA Version is:  SATA 2.6, 1.5 Gb/s
Local Time is:    Thu Sep 16 17:41:42 2021 GTB
SMART support is: Available - device has SMART capability.
SMART support is: Enabled
Power mode is:    ACTIVE or IDLE


REPORT-IOCTL: Device=/dev/sdd Command=SMART READ ATTRIBUTE VALUES
 Input:   FR=0xd0, SC=0x01, LL=...., LM=0x4f, LH=0xc2, DEV=...., CMD=0xb0 IN
 [ata pass-through(16): 85 08 0e 00 d0 00 01 00 00 00 4f 00 c2 00 b0 00 ]
  Incoming data, len=512, resid=0 [only first 256 bytes shown]:
 00     0a 00 01 0f 00 77 63 b8  72 57 0d 00 00 00 03 03
 10     00 62 61 00 00 00 00 00  00 00 04 32 00 53 53 4c
 20     45 00 00 00 00 00 05 33  00 64 64 01 00 00 00 00
 30     00 00 07 0f 00 45 3c 79  a7 91 00 00 00 00 09 32
 40     00 63 5f 02 06 00 00 00  00 00 0a 13 00 64 64 00
 50     00 00 00 00 00 00 0c 32  00 5d 25 f2 1d 00 00 00
 60     00 00 b8 32 00 64 64 00  00 00 00 00 00 00 bb 32
 70     00 64 64 00 00 00 00 00  00 00 bc 32 00 64 5a 34
 80     02 01 00 01 00 00 bd 3a  00 64 64 00 00 00 00 00
 90     00 00 be 22 00 40 34 24  00 1c 24 00 00 00 bf 32
 a0     00 64 64 2a 00 00 00 00  00 00 c0 32 00 63 63 cc
 b0     08 00 00 00 00 00 c1 32  00 36 36 13 6d 01 00 00
 c0     00 00 c2 22 00 24 30 24  00 00 00 0d 00 00 c3 1a
 d0     00 34 2e b8 72 57 0d 00  00 00 c5 12 00 64 64 00
 e0     00 00 00 00 00 00 c6 10  00 64 64 00 00 00 00 00
 f0     00 00 c7 3e 00 c8 c8 00  00 00 00 00 00 00 00 00
 [Duration: 0,435s]
REPORT-IOCTL: Device=/dev/sdd Command=SMART READ ATTRIBUTE VALUES returned 0

===== [SMART READ ATTRIBUTE VALUES] DATA START (BASE-16) =====
000-015: 0a 00 01 0f 00 77 63 b8 72 57 0d 00 00 00 03 03 |.....wc.rW......|
016-031: 00 62 61 00 00 00 00 00 00 00 04 32 00 53 53 4c |.ba........2.SSL|
032-047: 45 00 00 00 00 00 05 33 00 64 64 01 00 00 00 00 |E......3.dd.....|
048-063: 00 00 07 0f 00 45 3c 79 a7 91 00 00 00 00 09 32 |.....E<y.......2|
064-079: 00 63 5f 02 06 00 00 00 00 00 0a 13 00 64 64 00 |.c_..........dd.|
080-095: 00 00 00 00 00 00 0c 32 00 5d 25 f2 1d 00 00 00 |.......2.]%.....|
096-111: 00 00 b8 32 00 64 64 00 00 00 00 00 00 00 bb 32 |...2.dd........2|
112-127: 00 64 64 00 00 00 00 00 00 00 bc 32 00 64 5a 34 |.dd........2.dZ4|
128-143: 02 01 00 01 00 00 bd 3a 00 64 64 00 00 00 00 00 |.......:.dd.....|
144-159: 00 00 be 22 00 40 34 24 00 1c 24 00 00 00 bf 32 |...".@4$..$....2|
160-175: 00 64 64 2a 00 00 00 00 00 00 c0 32 00 63 63 cc |.dd*.......2.cc.|
176-191: 08 00 00 00 00 00 c1 32 00 36 36 13 6d 01 00 00 |.......2.66.m...|
192-207: 00 00 c2 22 00 24 30 24 00 00 00 0d 00 00 c3 1a |...".$0$........|
208-223: 00 34 2e b8 72 57 0d 00 00 00 c5 12 00 64 64 00 |.4..rW.......dd.|
224-239: 00 00 00 00 00 00 c6 10 00 64 64 00 00 00 00 00 |.........dd.....|
240-255: 00 00 c7 3e 00 c8 c8 00 00 00 00 00 00 00 00 00 |...>............|
256-271: 00 00 00 00 00 00 00 00 00 00 00 00 00 00 00 00 |................|
272-287: 00 00 00 00 00 00 00 00 00 00 00 00 00 00 00 00 |................|
288-303: 00 00 00 00 00 00 00 00 00 00 00 00 00 00 00 00 |................|
304-319: 00 00 00 00 00 00 00 00 00 00 00 00 00 00 00 00 |................|
320-335: 00 00 00 00 00 00 00 00 00 00 00 00 00 00 00 00 |................|
336-351: 00 00 00 00 00 00 00 00 00 00 00 00 00 00 00 00 |................|
352-367: 00 00 00 00 00 00 00 00 00 00 00 00 00 00 00 73 |...............s|
368-383: 03 00 01 00 01 91 02 00 00 00 00 00 00 00 00 00 |................|
384-399: 00 00 00 00 48 00 00 00 04 03 02 02 02 02 02 02 |....H...........|
400-415: 03 00 00 00 00 00 00 00 00 01 00 00 00 00 00 00 |................|
416-431: 00 00 00 00 2a 00 00 00 c9 2d 37 f0 58 14 00 00 |....*....-7.X...|
432-447: 00 00 00 00 01 00 4a 11 99 cf 98 64 99 09 00 00 |......J....d....|
448-463: e8 12 36 dd ac 0b 00 00 00 00 00 00 bb a3 50 00 |..6...........P.|
464-479: 00 00 00 00 00 00 00 00 87 01 00 00 35 00 43 12 |............5.C.|
480-495: 00 00 00 00 a8 02 00 00 00 00 00 00 00 00 00 38 |...............8|
496-511: 00 00 00 00 00 00 00 00 00 00 00 00 00 00 00 48 |...............H|
===== [SMART READ ATTRIBUTE VALUES] DATA END (512 Bytes) =====


REPORT-IOCTL: Device=/dev/sdd Command=SMART READ ATTRIBUTE THRESHOLDS
 Input:   FR=0xd1, SC=0x01, LL=0x01, LM=0x4f, LH=0xc2, DEV=...., CMD=0xb0 IN
 [ata pass-through(16): 85 08 0e 00 d1 00 01 00 01 00 4f 00 c2 00 b0 00 ]
  Incoming data, len=512, resid=0 [only first 256 bytes shown]:
 00     01 00 01 06 00 00 00 00  00 00 00 00 00 00 03 00
 10     00 00 00 00 00 00 00 00  00 00 04 14 00 00 00 00
 20     00 00 00 00 00 00 05 24  00 00 00 00 00 00 00 00
 30     00 00 07 1e 00 00 00 00  00 00 00 00 00 00 09 00
 40     00 00 00 00 00 00 00 00  00 00 0a 61 00 00 00 00
 50     00 00 00 00 00 00 0c 14  00 00 00 00 00 00 00 00
 60     00 00 b8 63 00 00 00 00  00 00 00 00 00 00 bb 00
 70     00 00 00 00 00 00 00 00  00 00 bc 00 00 00 00 00
 80     00 00 00 00 00 00 bd 00  00 00 00 00 00 00 00 00
 90     00 00 be 2d 00 00 00 00  00 00 00 00 00 00 bf 00
 a0     00 00 00 00 00 00 00 00  00 00 c0 00 00 00 00 00
 b0     00 00 00 00 00 00 c1 00  00 00 00 00 00 00 00 00
 c0     00 00 c2 00 00 00 00 00  00 00 00 00 00 00 c3 00
 d0     00 00 00 00 00 00 00 00  00 00 c5 00 00 00 00 00
 e0     00 00 00 00 00 00 c6 00  00 00 00 00 00 00 00 00
 f0     00 00 c7 00 00 00 00 00  00 00 00 00 00 00 00 00
 [Duration: 0,020s]
REPORT-IOCTL: Device=/dev/sdd Command=SMART READ ATTRIBUTE THRESHOLDS returned 0

===== [SMART READ ATTRIBUTE THRESHOLDS] DATA START (BASE-16) =====
000-015: 01 00 01 06 00 00 00 00 00 00 00 00 00 00 03 00 |................|
016-031: 00 00 00 00 00 00 00 00 00 00 04 14 00 00 00 00 |................|
032-047: 00 00 00 00 00 00 05 24 00 00 00 00 00 00 00 00 |.......$........|
048-063: 00 00 07 1e 00 00 00 00 00 00 00 00 00 00 09 00 |................|
064-079: 00 00 00 00 00 00 00 00 00 00 0a 61 00 00 00 00 |...........a....|
080-095: 00 00 00 00 00 00 0c 14 00 00 00 00 00 00 00 00 |................|
096-111: 00 00 b8 63 00 00 00 00 00 00 00 00 00 00 bb 00 |...c............|
112-127: 00 00 00 00 00 00 00 00 00 00 bc 00 00 00 00 00 |................|
128-143: 00 00 00 00 00 00 bd 00 00 00 00 00 00 00 00 00 |................|
144-159: 00 00 be 2d 00 00 00 00 00 00 00 00 00 00 bf 00 |...-............|
160-175: 00 00 00 00 00 00 00 00 00 00 c0 00 00 00 00 00 |................|
176-191: 00 00 00 00 00 00 c1 00 00 00 00 00 00 00 00 00 |................|
192-207: 00 00 c2 00 00 00 00 00 00 00 00 00 00 00 c3 00 |................|
208-223: 00 00 00 00 00 00 00 00 00 00 c5 00 00 00 00 00 |................|
224-239: 00 00 00 00 00 00 c6 00 00 00 00 00 00 00 00 00 |................|
240-255: 00 00 c7 00 00 00 00 00 00 00 00 00 00 00 00 00 |................|
256-271: 00 00 00 00 00 00 00 00 00 00 00 00 00 00 00 00 |................|
272-287: 00 00 00 00 00 00 00 00 00 00 00 00 00 00 00 00 |................|
288-303: 00 00 00 00 00 00 00 00 00 00 00 00 00 00 00 00 |................|
304-319: 00 00 00 00 00 00 00 00 00 00 00 00 00 00 00 00 |................|
320-335: 00 00 00 00 00 00 00 00 00 00 00 00 00 00 00 00 |................|
336-351: 00 00 00 00 00 00 00 00 00 00 00 00 00 00 00 00 |................|
352-367: 00 00 00 00 00 00 00 00 00 00 00 00 00 00 00 00 |................|
368-383: 00 00 00 00 00 00 00 00 00 00 00 00 00 00 00 00 |................|
384-399: 00 00 00 00 00 00 00 00 00 00 00 00 00 00 00 00 |................|
400-415: 00 00 00 00 00 00 00 00 00 00 00 00 00 00 00 00 |................|
416-431: 00 00 00 00 00 00 00 00 00 00 00 00 00 00 00 00 |................|
432-447: 00 00 00 00 00 00 00 00 00 00 00 00 00 00 00 00 |................|
448-463: 00 00 00 00 00 00 00 00 00 00 00 00 00 00 00 00 |................|
464-479: 00 00 00 00 00 00 00 00 00 00 00 00 00 00 00 00 |................|
480-495: 00 00 00 00 00 00 00 00 00 00 00 00 00 00 00 00 |................|
496-511: 00 00 00 00 00 00 00 00 00 00 00 00 00 00 00 aa |................|
===== [SMART READ ATTRIBUTE THRESHOLDS] DATA END (512 Bytes) =====

=== START OF READ SMART DATA SECTION ===
SMART Attributes Data Structure revision number: 10
Vendor Specific SMART Attributes with Thresholds:
ID# ATTRIBUTE_NAME          FLAG     VALUE WORST THRESH TYPE      UPDATED  WHEN_FAILED RAW_VALUE
  1 Raw_Read_Error_Rate     0x000f   119   099   006    Pre-fail  Always       -       223834808
  3 Spin_Up_Time            0x0003   098   097   000    Pre-fail  Always       -       0
  4 Start_Stop_Count        0x0032   083   083   020    Old_age   Always       -       17740
  5 Reallocated_Sector_Ct   0x0033   100   100   036    Pre-fail  Always       -       1
  7 Seek_Error_Rate         0x000f   069   060   030    Pre-fail  Always       -       9545593
  9 Power_On_Hours          0x0032   099   095   000    Old_age   Always       -       1538
 10 Spin_Retry_Count        0x0013   100   100   097    Pre-fail  Always       -       0
 12 Power_Cycle_Count       0x0032   093   037   020    Old_age   Always       -       7666
184 End-to-End_Error        0x0032   100   100   099    Old_age   Always       -       0
187 Reported_Uncorrect      0x0032   100   100   000    Old_age   Always       -       0
188 Command_Timeout         0x0032   100   090   000    Old_age   Always       -       4295033396
189 High_Fly_Writes         0x003a   100   100   000    Old_age   Always       -       0
190 Airflow_Temperature_Cel 0x0022   064   052   045    Old_age   Always       -       36 (Min/Max 28/36)
191 G-Sense_Error_Rate      0x0032   100   100   000    Old_age   Always       -       42
192 Power-Off_Retract_Count 0x0032   099   099   000    Old_age   Always       -       2252
193 Load_Cycle_Count        0x0032   054   054   000    Old_age   Always       -       93459
194 Temperature_Celsius     0x0022   036   048   000    Old_age   Always       -       36 (0 13 0 0 0)
195 Hardware_ECC_Recovered  0x001a   052   046   000    Old_age   Always       -       223834808
197 Current_Pending_Sector  0x0012   100   100   000    Old_age   Always       -       0
198 Offline_Uncorrectable   0x0010   100   100   000    Old_age   Offline      -       0
199 UDMA_CRC_Error_Count    0x003e   200   200   000    Old_age   Always       -       0

