smartctl 7.2 2020-12-30 r5155 [x86_64-w64-mingw32-w10-b19043] (sf-7.2-1)
Copyright (C) 2002-20, Bruce Allen, Christian Franke, www.smartmontools.org

 [inquiry: 12 01 00 00 fc 00 ]
  >>> Sense buffer, len=18:
 00     70 00 05 00 00 00 00 0a  00 00 00 00 24 00 00 00
 10     00 00
  status=2: sense_key=5 asc=24 ascq=0
  Incoming data, len=252, resid=252:
 00     00 00 00 00 00 00 00 00  00 00 00 00 00 00 00 00
 10     00 00 00 00 00 00 00 00  00 00 00 00 00 00 00 00
 20     00 00 00 00 00 00 00 00  00 00 00 00 00 00 00 00
 30     00 00 00 00 00 00 00 00  00 00 00 00 00 00 00 00
 40     00 00 00 00 00 00 00 00  00 00 00 00 00 00 00 00
 50     00 00 00 00 00 00 00 00  00 00 00 00 00 00 00 00
 60     00 00 00 00 00 00 00 00  00 00 00 00 00 00 00 00
 70     00 00 00 00 00 00 00 00  00 00 00 00 00 00 00 00
 80     00 00 00 00 00 00 00 00  00 00 00 00 00 00 00 00
 90     00 00 00 00 00 00 00 00  00 00 00 00 00 00 00 00
 a0     00 00 00 00 00 00 00 00  00 00 00 00 00 00 00 00
 b0     00 00 00 00 00 00 00 00  00 00 00 00 00 00 00 00
 c0     00 00 00 00 00 00 00 00  00 00 00 00 00 00 00 00
 d0     00 00 00 00 00 00 00 00  00 00 00 00 00 00 00 00
 e0     00 00 00 00 00 00 00 00  00 00 00 00 00 00 00 00
 f0     00 00 00 00 00 00 00 00  00 00 00 00
 [request sense: 03 00 00 00 12 00 ]
  Incoming data, len=18, resid=0:
 00     70 00 00 00 00 00 00 0a  00 00 00 00 00 00 00 00
 10     00 00
 [inquiry: 12 00 00 00 24 00 ]
  Incoming data, len=36, resid=0:
 00     00 00 04 02 33 00 20 00  53 65 61 67 61 74 65 00
 10     50 6f 72 74 61 62 6c 65  00 00 00 00 00 00 00 00
 20     53 46 30 34
Device is in ACTIVE mode
SCSI device successfully opened

Use 'smartctl -a' (or '-x') to print SMART (and more) information

