smartctl 7.2 2020-12-30 r5155 [x86_64-linux-5.10.0-32-amd64] (local build)
Copyright (C) 2002-20, Bruce Allen, Christian Franke, www.smartmontools.org

Found idVendor in: /sys/block/sdb/device/../../../..
         realpath: /sys/devices/pci0000:00/0000:00:14.0/usb4/4-1
USB ID = 0x174c:0x55aa (0x100)

REPORT-IOCTL: Device=/dev/sdb Command=IDENTIFY DEVICE
 Input:   FR=...., SC=0x01, LL=...., LM=...., LH=...., DEV=...., CMD=0xec IN
>>>> do_scsi_cmnd_io: sg_io_ver=3
 [ata pass-through(16): 85 08 0e 00 00 00 01 00 00 00 00 00 00 00 ec 00 ]
  scsi_status=0x0, sg_transport_status=0x0, sg_driver_status=0x0
  sg_info=0x0  sg_duration=0 milliseconds  resid=0
  Incoming data, len=512 [only first 256 bytes shown]:
 00     7a 42 ff 3f 37 c8 10 00  00 00 00 00 3f 00 00 00
 10     00 00 00 00 20 20 20 20  20 20 20 20 57 20 2d 44
 20     4e 41 33 30 34 39 4e 58  00 00 00 00 00 00 33 38
 30     30 2e 41 30 33 38 44 57  20 43 44 57 30 38 35 30
 40     46 46 58 42 36 2d 43 38  4b 41 30 4e 20 20 20 20
 50     20 20 20 20 20 20 20 20  20 20 20 20 20 20 10 80
 60     00 40 00 2f 01 40 00 00  00 00 06 00 ff 3f 10 00
 70     3f 00 10 fc fb 00 10 59  ff ff ff 0f 00 00 07 00
 80     03 00 78 00 78 00 78 00  78 00 08 0d 00 00 00 00
 90     00 00 00 00 00 00 1f 00  0e 9f 66 00 cc 08 40 00
 a0     fe 0f 9c 00 6b 70 69 74  63 61 69 70 49 b4 63 61
 b0     7f 40 53 81 55 81 80 00  fe ff 00 00 00 00 00 00
 c0     00 00 00 00 00 00 00 00  b0 2a 81 a3 03 00 00 00
 d0     00 00 0a 00 03 60 00 00  01 50 e2 4e e4 c0 a2 ba
 e0     00 00 00 00 00 00 00 00  00 00 00 00 00 00 dc 42
 f0     1c 40 00 00 00 00 00 00  00 00 00 00 00 00 00 00
 [Duration: 0.001s]
REPORT-IOCTL: Device=/dev/sdb Command=IDENTIFY DEVICE returned 0

===== [IDENTIFY DEVICE] DATA START (BASE-16) =====
000-015: 7a 42 ff 3f 37 c8 10 00 00 00 00 00 3f 00 00 00 |zB.?7.......?...|
016-031: 00 00 00 00 20 20 20 20 20 20 20 20 57 20 2d 44 |....        W -D|
032-047: 4e 41 33 30 34 39 4e 58 00 00 00 00 00 00 33 38 |NA3049NX......38|
048-063: 30 2e 41 30 33 38 44 57 20 43 44 57 30 38 35 30 |0.A038DW CDW0850|
064-079: 46 46 58 42 36 2d 43 38 4b 41 30 4e 20 20 20 20 |FFXB6-C8KA0N    |
080-095: 20 20 20 20 20 20 20 20 20 20 20 20 20 20 10 80 |              ..|
096-111: 00 40 00 2f 01 40 00 00 00 00 06 00 ff 3f 10 00 |.@./.@.......?..|
112-127: 3f 00 10 fc fb 00 10 59 ff ff ff 0f 00 00 07 00 |?......Y........|
128-143: 03 00 78 00 78 00 78 00 78 00 08 0d 00 00 00 00 |..x.x.x.x.......|
144-159: 00 00 00 00 00 00 1f 00 0e 9f 66 00 cc 08 40 00 |..........f...@.|
160-175: fe 0f 9c 00 6b 70 69 74 63 61 69 70 49 b4 63 61 |....kpitcaipI.ca|
176-191: 7f 40 53 81 55 81 80 00 fe ff 00 00 00 00 00 00 |.@S.U...........|
192-207: 00 00 00 00 00 00 00 00 b0 2a 81 a3 03 00 00 00 |.........*......|
208-223: 00 00 0a 00 03 60 00 00 01 50 e2 4e e4 c0 a2 ba |.....`...P.N....|
224-239: 00 00 00 00 00 00 00 00 00 00 00 00 00 00 dc 42 |...............B|
240-255: 1c 40 00 00 00 00 00 00 00 00 00 00 00 00 00 00 |.@..............|
256-271: 21 00 00 00 02 00 00 00 00 00 00 00 00 00 00 00 |!...............|
272-287: 00 00 00 00 00 00 00 00 00 00 03 80 04 00 60 81 |..............`.|
288-303: 00 00 00 00 00 00 00 00 00 00 00 00 00 00 00 00 |................|
304-319: 00 00 00 00 00 00 00 00 00 00 00 00 00 00 00 00 |................|
320-335: 00 00 00 00 00 00 00 00 00 00 00 00 00 00 00 00 |................|
336-351: 02 00 00 00 00 00 00 00 00 00 00 00 00 00 00 00 |................|
352-367: 00 00 00 00 00 00 00 00 00 00 00 00 00 00 00 00 |................|
368-383: 00 00 00 00 00 00 00 00 00 00 00 00 00 00 00 00 |................|
384-399: 00 00 00 00 00 00 00 00 00 00 00 00 00 00 00 00 |................|
400-415: 00 00 00 00 00 00 00 00 00 00 00 00 3d 00 00 00 |............=...|
416-431: 00 00 00 40 00 00 00 00 00 00 00 00 00 00 00 00 |...@............|
432-447: 00 00 20 1c 00 00 00 00 00 00 00 00 fe 10 00 00 |.. .............|
448-463: 00 00 00 00 00 00 00 00 00 00 00 00 b0 2a 81 a3 |.............*..|
464-479: 03 00 00 00 10 00 00 10 00 00 00 00 00 00 00 00 |................|
480-495: 00 00 00 00 00 00 00 00 00 00 00 00 00 00 00 00 |................|
496-511: 00 00 00 00 00 00 00 00 00 00 00 00 00 00 a5 b6 |................|
===== [IDENTIFY DEVICE] DATA END (512 Bytes) =====


REPORT-IOCTL: Device=/dev/sdb Command=SMART READ ATTRIBUTE VALUES
 Input:   FR=0xd0, SC=0x01, LL=...., LM=0x4f, LH=0xc2, DEV=...., CMD=0xb0 IN
>>>> do_scsi_cmnd_io: sg_io_ver=3
 [ata pass-through(16): 85 08 0e 00 d0 00 01 00 00 00 4f 00 c2 00 b0 00 ]
  scsi_status=0x0, sg_transport_status=0x0, sg_driver_status=0x0
  sg_info=0x0  sg_duration=4 milliseconds  resid=0
  Incoming data, len=512 [only first 256 bytes shown]:
 00     10 00 01 2f 00 c8 c8 00  00 00 00 00 00 00 02 24
 10     00 64 64 00 00 00 00 00  00 00 03 27 00 a2 a2 a2
 20     22 00 00 00 00 00 04 32  00 64 64 14 00 00 00 00
 30     00 00 05 33 00 c8 c8 00  00 00 00 00 00 00 07 2e
 40     00 c8 c8 00 00 00 00 00  00 00 08 24 00 64 64 00
 50     00 00 00 00 00 00 09 32  00 64 64 5c 00 00 00 00
 60     00 00 0a 32 00 64 64 00  00 00 00 00 00 00 0b 32
 70     00 64 64 00 00 00 00 00  00 00 0c 32 00 64 64 06
 80     00 00 00 00 00 00 c0 32  00 c8 c8 01 00 00 00 00
 90     00 00 c1 32 00 c8 c8 1d  00 00 00 00 00 00 c2 22
 a0     00 7f 64 19 00 00 00 00  00 00 c4 32 00 c8 c8 00
 b0     00 00 00 00 00 00 c5 32  00 c8 c8 00 00 00 00 00
 c0     00 00 c6 30 00 64 64 00  00 00 00 00 00 00 c7 32
 d0     00 c8 c8 00 00 00 00 00  00 00 c8 08 00 c8 64 00
 e0     00 00 00 00 00 00 00 00  00 00 00 00 00 00 00 00
 f0     00 00 00 00 00 00 00 00  00 00 00 00 00 00 00 00
 [Duration: 0.004s]
REPORT-IOCTL: Device=/dev/sdb Command=SMART READ ATTRIBUTE VALUES returned 0

===== [SMART READ ATTRIBUTE VALUES] DATA START (BASE-16) =====
000-015: 10 00 01 2f 00 c8 c8 00 00 00 00 00 00 00 02 24 |.../...........$|
016-031: 00 64 64 00 00 00 00 00 00 00 03 27 00 a2 a2 a2 |.dd........'....|
032-047: 22 00 00 00 00 00 04 32 00 64 64 14 00 00 00 00 |"......2.dd.....|
048-063: 00 00 05 33 00 c8 c8 00 00 00 00 00 00 00 07 2e |...3............|
064-079: 00 c8 c8 00 00 00 00 00 00 00 08 24 00 64 64 00 |...........$.dd.|
080-095: 00 00 00 00 00 00 09 32 00 64 64 5c 00 00 00 00 |.......2.dd\....|
096-111: 00 00 0a 32 00 64 64 00 00 00 00 00 00 00 0b 32 |...2.dd........2|
112-127: 00 64 64 00 00 00 00 00 00 00 0c 32 00 64 64 06 |.dd........2.dd.|
128-143: 00 00 00 00 00 00 c0 32 00 c8 c8 01 00 00 00 00 |.......2........|
144-159: 00 00 c1 32 00 c8 c8 1d 00 00 00 00 00 00 c2 22 |...2..........."|
160-175: 00 7f 64 19 00 00 00 00 00 00 c4 32 00 c8 c8 00 |..d........2....|
176-191: 00 00 00 00 00 00 c5 32 00 c8 c8 00 00 00 00 00 |.......2........|
192-207: 00 00 c6 30 00 64 64 00 00 00 00 00 00 00 c7 32 |...0.dd........2|
208-223: 00 c8 c8 00 00 00 00 00 00 00 c8 08 00 c8 64 00 |..............d.|
224-239: 00 00 00 00 00 00 00 00 00 00 00 00 00 00 00 00 |................|
240-255: 00 00 00 00 00 00 00 00 00 00 00 00 00 00 00 00 |................|
256-271: 00 00 00 00 00 00 00 00 00 00 00 00 00 00 00 00 |................|
272-287: 00 00 00 00 00 00 00 00 00 00 00 00 00 00 00 00 |................|
288-303: 00 00 00 00 00 00 00 00 00 00 00 00 00 00 00 00 |................|
304-319: 00 00 00 00 00 00 00 00 00 00 00 00 00 00 00 00 |................|
320-335: 00 00 00 00 00 00 00 00 00 00 00 00 00 00 00 00 |................|
336-351: 00 00 00 00 00 00 00 00 00 00 00 00 00 00 00 00 |................|
352-367: 00 00 00 00 00 00 00 00 00 00 00 00 e0 f1 01 71 |...............q|
368-383: 03 00 01 00 02 ff 05 6a 02 00 00 00 00 00 00 00 |.......j........|
384-399: 00 00 01 08 00 00 00 00 00 00 00 00 00 00 00 00 |................|
400-415: 00 00 00 00 00 00 00 00 00 00 00 00 00 00 00 00 |................|
416-431: 00 00 00 00 00 00 00 00 00 00 00 00 00 00 00 00 |................|
432-447: 00 00 00 00 00 00 00 00 00 00 00 00 00 00 00 00 |................|
448-463: 00 00 00 00 00 00 00 00 00 00 00 00 00 00 00 00 |................|
464-479: 00 00 00 00 00 00 00 00 00 00 00 00 00 00 00 00 |................|
480-495: 00 00 00 00 00 00 00 00 00 00 00 00 00 00 00 00 |................|
496-511: 00 00 00 00 00 00 00 00 00 00 00 00 00 00 00 f4 |................|
===== [SMART READ ATTRIBUTE VALUES] DATA END (512 Bytes) =====


REPORT-IOCTL: Device=/dev/sdb Command=SMART READ ATTRIBUTE THRESHOLDS
 Input:   FR=0xd1, SC=0x01, LL=0x01, LM=0x4f, LH=0xc2, DEV=...., CMD=0xb0 IN
>>>> do_scsi_cmnd_io: sg_io_ver=3
 [ata pass-through(16): 85 08 0e 00 d1 00 01 00 01 00 4f 00 c2 00 b0 00 ]
  scsi_status=0x0, sg_transport_status=0x0, sg_driver_status=0x0
  sg_info=0x0  sg_duration=4 milliseconds  resid=0
  Incoming data, len=512 [only first 256 bytes shown]:
 00     10 00 01 33 c8 c8 c8 c8  c8 c8 c8 c8 00 00 02 00
 10     00 00 00 00 00 00 00 00  00 00 03 15 00 00 00 00
 20     00 00 00 00 00 00 04 00  00 00 00 00 00 00 00 00
 30     00 00 05 8c 00 00 00 00  00 00 00 00 00 00 07 00
 40     c8 c8 c8 c8 c8 c8 c8 c8  00 00 08 00 00 00 00 00
 50     00 00 00 00 00 00 09 00  00 00 00 00 00 00 00 00
 60     00 00 0a 00 00 00 00 00  00 00 00 00 00 00 0b 00
 70     00 00 00 00 00 00 00 00  00 00 0c 00 00 00 00 00
 80     00 00 00 00 00 00 c0 00  00 00 00 00 00 00 00 00
 90     00 00 c1 00 00 00 00 00  00 00 00 00 00 00 c2 00
 a0     00 00 00 00 00 00 00 00  00 00 c4 00 00 00 00 00
 b0     00 00 00 00 00 00 c5 00  00 00 00 00 00 00 00 00
 c0     00 00 c6 00 00 00 00 00  00 00 00 00 00 00 c7 00
 d0     00 00 00 00 00 00 00 00  00 00 c8 00 c8 c8 c8 c8
 e0     c8 c8 c8 c8 00 00 00 00  00 00 00 00 00 00 00 00
 f0     00 00 00 00 00 00 00 00  00 00 00 00 00 00 00 00
 [Duration: 0.004s]
REPORT-IOCTL: Device=/dev/sdb Command=SMART READ ATTRIBUTE THRESHOLDS returned 0

===== [SMART READ ATTRIBUTE THRESHOLDS] DATA START (BASE-16) =====
000-015: 10 00 01 33 c8 c8 c8 c8 c8 c8 c8 c8 00 00 02 00 |...3............|
016-031: 00 00 00 00 00 00 00 00 00 00 03 15 00 00 00 00 |................|
032-047: 00 00 00 00 00 00 04 00 00 00 00 00 00 00 00 00 |................|
048-063: 00 00 05 8c 00 00 00 00 00 00 00 00 00 00 07 00 |................|
064-079: c8 c8 c8 c8 c8 c8 c8 c8 00 00 08 00 00 00 00 00 |................|
080-095: 00 00 00 00 00 00 09 00 00 00 00 00 00 00 00 00 |................|
096-111: 00 00 0a 00 00 00 00 00 00 00 00 00 00 00 0b 00 |................|
112-127: 00 00 00 00 00 00 00 00 00 00 0c 00 00 00 00 00 |................|
128-143: 00 00 00 00 00 00 c0 00 00 00 00 00 00 00 00 00 |................|
144-159: 00 00 c1 00 00 00 00 00 00 00 00 00 00 00 c2 00 |................|
160-175: 00 00 00 00 00 00 00 00 00 00 c4 00 00 00 00 00 |................|
176-191: 00 00 00 00 00 00 c5 00 00 00 00 00 00 00 00 00 |................|
192-207: 00 00 c6 00 00 00 00 00 00 00 00 00 00 00 c7 00 |................|
208-223: 00 00 00 00 00 00 00 00 00 00 c8 00 c8 c8 c8 c8 |................|
224-239: c8 c8 c8 c8 00 00 00 00 00 00 00 00 00 00 00 00 |................|
240-255: 00 00 00 00 00 00 00 00 00 00 00 00 00 00 00 00 |................|
256-271: 00 00 00 00 00 00 00 00 00 00 00 00 00 00 00 00 |................|
272-287: 00 00 00 00 00 00 00 00 00 00 00 00 00 00 00 00 |................|
288-303: 00 00 00 00 00 00 00 00 00 00 00 00 00 00 00 00 |................|
304-319: 00 00 00 00 00 00 00 00 00 00 00 00 00 00 00 00 |................|
320-335: 00 00 00 00 00 00 00 00 00 00 00 00 00 00 00 00 |................|
336-351: 00 00 00 00 00 00 00 00 00 00 00 00 00 00 00 00 |................|
352-367: 00 00 00 00 00 00 00 00 00 00 00 00 e0 f1 01 71 |...............q|
368-383: 03 00 01 00 02 ff 05 6a 02 00 00 00 00 00 00 00 |.......j........|
384-399: 00 00 01 08 00 00 00 00 00 00 00 00 00 00 00 00 |................|
400-415: 00 00 00 00 00 00 00 00 00 00 00 00 00 00 00 00 |................|
416-431: 00 00 00 00 00 00 00 00 00 00 00 00 00 00 00 00 |................|
432-447: 00 00 00 00 00 00 00 00 00 00 00 00 00 00 00 00 |................|
448-463: 00 00 00 00 00 00 00 00 00 00 00 00 00 00 00 00 |................|
464-479: 00 00 00 00 00 00 00 00 00 00 00 00 00 00 00 00 |................|
480-495: 00 00 00 00 00 00 00 00 00 00 00 00 00 00 00 00 |................|
496-511: 00 00 00 00 00 00 00 00 00 00 00 00 00 00 00 3d |...............=|
===== [SMART READ ATTRIBUTE THRESHOLDS] DATA END (512 Bytes) =====

Warning! SMART Attribute Thresholds Structure error: invalid SMART checksum.
=== START OF READ SMART DATA SECTION ===
SMART Attributes Data Structure revision number: 16
Vendor Specific SMART Attributes with Thresholds:
ID# ATTRIBUTE_NAME          FLAG     VALUE WORST THRESH TYPE      UPDATED  WHEN_FAILED RAW_VALUE
  1 Raw_Read_Error_Rate     0x002f   200   200   051    Pre-fail  Always       -       0
  2 Throughput_Performance  0x0024   100   100   000    Old_age   Offline      -       0
  3 Spin_Up_Time            0x0027   162   162   021    Pre-fail  Always       -       8866
  4 Start_Stop_Count        0x0032   100   100   000    Old_age   Always       -       20
  5 Reallocated_Sector_Ct   0x0033   200   200   140    Pre-fail  Always       -       0
  7 Seek_Error_Rate         0x002e   200   200   000    Old_age   Always       -       0
  8 Seek_Time_Performance   0x0024   100   100   000    Old_age   Offline      -       0
  9 Power_On_Hours          0x0032   100   100   000    Old_age   Always       -       92
 10 Spin_Retry_Count        0x0032   100   100   000    Old_age   Always       -       0
 11 Calibration_Retry_Count 0x0032   100   100   000    Old_age   Always       -       0
 12 Power_Cycle_Count       0x0032   100   100   000    Old_age   Always       -       6
192 Power-Off_Retract_Count 0x0032   200   200   000    Old_age   Always       -       1
193 Load_Cycle_Count        0x0032   200   200   000    Old_age   Always       -       29
194 Temperature_Celsius     0x0022   127   100   000    Old_age   Always       -       25
196 Reallocated_Event_Count 0x0032   200   200   000    Old_age   Always       -       0
197 Current_Pending_Sector  0x0032   200   200   000    Old_age   Always       -       0
198 Offline_Uncorrectable   0x0030   100   100   000    Old_age   Offline      -       0
199 UDMA_CRC_Error_Count    0x0032   200   200   000    Old_age   Always       -       0
200 Multi_Zone_Error_Rate   0x0008   200   100   000    Old_age   Offline      -       0

