smartctl 7.0 2018-12-30 r4883 [x86_64-w64-mingw32-w10-1809] (sf-7.0-1)
Copyright (C) 2002-18, Bruce Allen, Christian Franke, www.smartmontools.org

 \\.\PhysicalDrive1: successfully opened
  IOCTL_STORAGE_QUERY_PROPERTY returns:
    Vendor:   "(null)"
    Product:  "SK Hynix PE4010"
    Revision: "80230E00"
    Removable: No
    BusType:   0x11
  \\.\PhysicalDrive1: successfully opened
 [NVMe call: opcode=0x06, size=0x1000, nsid=0x00000000, cdw10=0x00000001]
  [STORAGE_QUERY_PROPERTY: Id=49, Type=1, Value=0x00000001, SubVal=0x00000000]
  [STORAGE_QUERY_PROPERTY: ReturnData=0x00000000, Reserved[3]={0x0, 0x0, 0x0}]
 [NVMe call succeeded: result=0x00000000
 00     5c 1c 5c 1c 54 45 53 54  5f 53 4e 00 00 00 00 00    \.\.TEST_SN.....
 10     00 00 00 00 00 00 00 00  53 4b 20 48 79 6e 69 78    ........SK Hynix
 20     20 50 45 34 30 31 30 00  00 00 00 00 00 00 00 00     PE4010.........
 30     00 00 00 00 00 00 00 00  00 00 00 00 00 00 00 00    ................
 40     38 30 32 33 30 45 30 30  07 2e e4 ac 00 05 01 00    80230E00........
 50     01 02 01 00 00 00 00 00  00 00 00 00 00 02 00 00    ................
 60     00 00 00 00 00 00 00 00  00 00 00 00 00 00 00 00    ................
 70     00 00 00 00 00 00 00 00  00 00 00 00 00 00 00 00    ................
 80     00 00 00 00 00 00 00 00  00 00 00 00 00 00 00 00    ................
 90     00 00 00 00 00 00 00 00  00 00 00 00 00 00 00 00    ................
 a0     00 00 00 00 00 00 00 00  00 00 00 00 00 00 00 00    ................
 b0     00 00 00 00 00 00 00 00  00 00 00 00 00 00 00 00    ................
 c0     00 00 00 00 00 00 00 00  00 00 00 00 00 00 00 00    ................
 d0     00 00 00 00 00 00 00 00  00 00 00 00 00 00 00 00    ................
 e0     00 00 00 00 00 00 00 00  00 00 00 00 00 00 00 00    ................
 f0     00 00 00 00 00 00 00 00  00 00 00 00 00 00 00 00    ................
 100    07 00 07 03 14 06 ff 00  01 00 63 01 64 01 00 00    ..........c.d...
 110    00 00 00 00 00 00 00 00  00 00 00 00 00 00 00 00    ................
 120    00 00 00 00 00 00 00 00  00 00 00 00 00 00 00 00    ................
 130    00 00 00 00 00 00 00 00  00 00 00 00 00 00 00 00    ................
 140    00 00 00 00 00 00 00 00  00 00 00 00 00 00 00 00    ................
 150    00 00 00 00 00 00 00 00  00 00 00 00 00 00 00 00    ................
 160    00 00 00 00 00 00 00 00  00 00 00 00 00 00 00 00    ................
 170    00 00 00 00 00 00 00 00  00 00 00 00 00 00 00 00    ................
 180    00 00 00 00 00 00 00 00  00 00 00 00 00 00 00 00    ................
 190    00 00 00 00 00 00 00 00  00 00 00 00 00 00 00 00    ................
 1a0    00 00 00 00 00 00 00 00  00 00 00 00 00 00 00 00    ................
 1b0    00 00 00 00 00 00 00 00  00 00 00 00 00 00 00 00    ................
 1c0    00 00 00 00 00 00 00 00  00 00 00 00 00 00 00 00    ................
 1d0    00 00 00 00 00 00 00 00  00 00 00 00 00 00 00 00    ................
 1e0    00 00 00 00 00 00 00 00  00 00 00 00 00 00 00 00    ................
 1f0    00 00 00 00 00 00 00 00  00 00 00 00 00 00 00 00    ................
 200    66 44 00 00 01 00 00 00  1f 00 01 00 04 00 ff 00    fD..............
 210    07 00 01 00 ff 00 00 00  00 00 00 00 00 00 00 00    ................
 220    00 00 00 00 00 00 00 00  00 00 00 00 00 00 00 00    ................
 230    00 00 00 00 00 00 00 00  00 00 00 00 00 00 00 00    ................
 240    00 00 00 00 00 00 00 00  00 00 00 00 00 00 00 00    ................
 250    00 00 00 00 00 00 00 00  00 00 00 00 00 00 00 00    ................
 260    00 00 00 00 00 00 00 00  00 00 00 00 00 00 00 00    ................
 270    00 00 00 00 00 00 00 00  00 00 00 00 00 00 00 00    ................
 280    00 00 00 00 00 00 00 00  00 00 00 00 00 00 00 00    ................
 290    00 00 00 00 00 00 00 00  00 00 00 00 00 00 00 00    ................
 2a0    00 00 00 00 00 00 00 00  00 00 00 00 00 00 00 00    ................
 2b0    00 00 00 00 00 00 00 00  00 00 00 00 00 00 00 00    ................
 2c0    00 00 00 00 00 00 00 00  00 00 00 00 00 00 00 00    ................
 2d0    00 00 00 00 00 00 00 00  00 00 00 00 00 00 00 00    ................
 2e0    00 00 00 00 00 00 00 00  00 00 00 00 00 00 00 00    ................
 2f0    00 00 00 00 00 00 00 00  00 00 00 00 00 00 00 00    ................
 300    00 00 00 00 00 00 00 00  00 00 00 00 00 00 00 00    ................
 310    00 00 00 00 00 00 00 00  00 00 00 00 00 00 00 00    ................
 320    00 00 00 00 00 00 00 00  00 00 00 00 00 00 00 00    ................
 330    00 00 00 00 00 00 00 00  00 00 00 00 00 00 00 00    ................
 340    00 00 00 00 00 00 00 00  00 00 00 00 00 00 00 00    ................
 350    00 00 00 00 00 00 00 00  00 00 00 00 00 00 00 00    ................
 360    00 00 00 00 00 00 00 00  00 00 00 00 00 00 00 00    ................
 370    00 00 00 00 00 00 00 00  00 00 00 00 00 00 00 00    ................
 380    00 00 00 00 00 00 00 00  00 00 00 00 00 00 00 00    ................
 390    00 00 00 00 00 00 00 00  00 00 00 00 00 00 00 00    ................
 3a0    00 00 00 00 00 00 00 00  00 00 00 00 00 00 00 00    ................
 3b0    00 00 00 00 00 00 00 00  00 00 00 00 00 00 00 00    ................
 3c0    00 00 00 00 00 00 00 00  00 00 00 00 00 00 00 00    ................
 3d0    00 00 00 00 00 00 00 00  00 00 00 00 00 00 00 00    ................
 3e0    00 00 00 00 00 00 00 00  00 00 00 00 00 00 00 00    ................
 3f0    00 00 00 00 00 00 00 00  00 00 00 00 00 00 00 00    ................
 400    00 00 00 00 00 00 00 00  00 00 00 00 00 00 00 00    ................
 410    00 00 00 00 00 00 00 00  00 00 00 00 00 00 00 00    ................
 420    00 00 00 00 00 00 00 00  00 00 00 00 00 00 00 00    ................
 430    00 00 00 00 00 00 00 00  00 00 00 00 00 00 00 00    ................
 440    00 00 00 00 00 00 00 00  00 00 00 00 00 00 00 00    ................
 450    00 00 00 00 00 00 00 00  00 00 00 00 00 00 00 00    ................
 460    00 00 00 00 00 00 00 00  00 00 00 00 00 00 00 00    ................
 470    00 00 00 00 00 00 00 00  00 00 00 00 00 00 00 00    ................
 480    00 00 00 00 00 00 00 00  00 00 00 00 00 00 00 00    ................
 490    00 00 00 00 00 00 00 00  00 00 00 00 00 00 00 00    ................
 4a0    00 00 00 00 00 00 00 00  00 00 00 00 00 00 00 00    ................
 4b0    00 00 00 00 00 00 00 00  00 00 00 00 00 00 00 00    ................
 4c0    00 00 00 00 00 00 00 00  00 00 00 00 00 00 00 00    ................
 4d0    00 00 00 00 00 00 00 00  00 00 00 00 00 00 00 00    ................
 4e0    00 00 00 00 00 00 00 00  00 00 00 00 00 00 00 00    ................
 4f0    00 00 00 00 00 00 00 00  00 00 00 00 00 00 00 00    ................
 500    00 00 00 00 00 00 00 00  00 00 00 00 00 00 00 00    ................
 510    00 00 00 00 00 00 00 00  00 00 00 00 00 00 00 00    ................
 520    00 00 00 00 00 00 00 00  00 00 00 00 00 00 00 00    ................
 530    00 00 00 00 00 00 00 00  00 00 00 00 00 00 00 00    ................
 540    00 00 00 00 00 00 00 00  00 00 00 00 00 00 00 00    ................
 550    00 00 00 00 00 00 00 00  00 00 00 00 00 00 00 00    ................
 560    00 00 00 00 00 00 00 00  00 00 00 00 00 00 00 00    ................
 570    00 00 00 00 00 00 00 00  00 00 00 00 00 00 00 00    ................
 580    00 00 00 00 00 00 00 00  00 00 00 00 00 00 00 00    ................
 590    00 00 00 00 00 00 00 00  00 00 00 00 00 00 00 00    ................
 5a0    00 00 00 00 00 00 00 00  00 00 00 00 00 00 00 00    ................
 5b0    00 00 00 00 00 00 00 00  00 00 00 00 00 00 00 00    ................
 5c0    00 00 00 00 00 00 00 00  00 00 00 00 00 00 00 00    ................
 5d0    00 00 00 00 00 00 00 00  00 00 00 00 00 00 00 00    ................
 5e0    00 00 00 00 00 00 00 00  00 00 00 00 00 00 00 00    ................
 5f0    00 00 00 00 00 00 00 00  00 00 00 00 00 00 00 00    ................
 600    00 00 00 00 00 00 00 00  00 00 00 00 00 00 00 00    ................
 610    00 00 00 00 00 00 00 00  00 00 00 00 00 00 00 00    ................
 620    00 00 00 00 00 00 00 00  00 00 00 00 00 00 00 00    ................
 630    00 00 00 00 00 00 00 00  00 00 00 00 00 00 00 00    ................
 640    00 00 00 00 00 00 00 00  00 00 00 00 00 00 00 00    ................
 650    00 00 00 00 00 00 00 00  00 00 00 00 00 00 00 00    ................
 660    00 00 00 00 00 00 00 00  00 00 00 00 00 00 00 00    ................
 670    00 00 00 00 00 00 00 00  00 00 00 00 00 00 00 00    ................
 680    00 00 00 00 00 00 00 00  00 00 00 00 00 00 00 00    ................
 690    00 00 00 00 00 00 00 00  00 00 00 00 00 00 00 00    ................
 6a0    00 00 00 00 00 00 00 00  00 00 00 00 00 00 00 00    ................
 6b0    00 00 00 00 00 00 00 00  00 00 00 00 00 00 00 00    ................
 6c0    00 00 00 00 00 00 00 00  00 00 00 00 00 00 00 00    ................
 6d0    00 00 00 00 00 00 00 00  00 00 00 00 00 00 00 00    ................
 6e0    00 00 00 00 00 00 00 00  00 00 00 00 00 00 00 00    ................
 6f0    00 00 00 00 00 00 00 00  00 00 00 00 00 00 00 00    ................
 700    00 00 00 00 00 00 00 00  00 00 00 00 00 00 00 00    ................
 710    00 00 00 00 00 00 00 00  00 00 00 00 00 00 00 00    ................
 720    00 00 00 00 00 00 00 00  00 00 00 00 00 00 00 00    ................
 730    00 00 00 00 00 00 00 00  00 00 00 00 00 00 00 00    ................
 740    00 00 00 00 00 00 00 00  00 00 00 00 00 00 00 00    ................
 750    00 00 00 00 00 00 00 00  00 00 00 00 00 00 00 00    ................
 760    00 00 00 00 00 00 00 00  00 00 00 00 00 00 00 00    ................
 770    00 00 00 00 00 00 00 00  00 00 00 00 00 00 00 00    ................
 780    00 00 00 00 00 00 00 00  00 00 00 00 00 00 00 00    ................
 790    00 00 00 00 00 00 00 00  00 00 00 00 00 00 00 00    ................
 7a0    00 00 00 00 00 00 00 00  00 00 00 00 00 00 00 00    ................
 7b0    00 00 00 00 00 00 00 00  00 00 00 00 00 00 00 00    ................
 7c0    00 00 00 00 00 00 00 00  00 00 00 00 00 00 00 00    ................
 7d0    00 00 00 00 00 00 00 00  00 00 00 00 00 00 00 00    ................
 7e0    00 00 00 00 00 00 00 00  00 00 00 00 00 00 00 00    ................
 7f0    00 00 00 00 00 00 00 00  00 00 00 00 00 00 00 00    ................
 800    39 03 00 00 05 00 00 00  05 00 00 00 00 00 00 00    9...............
 810    00 00 00 00 00 00 00 00  00 00 00 00 00 00 00 00    ................
 ...
 ]
=== START OF INFORMATION SECTION ===
 [NVMe call: opcode=0x06, size=0x1000, nsid=0x00000001, cdw10=0x00000000]
  [STORAGE_QUERY_PROPERTY: Id=50, Type=1, Value=0x00000000, SubVal=0x00000001]
  [STORAGE_QUERY_PROPERTY: ReturnData=0x00000000, Reserved[3]={0x0, 0x0, 0x0}]
 [NVMe call succeeded: result=0x00000000
 00     b0 1a c8 6f 00 00 00 00  b0 1a c8 6f 00 00 00 00    ...o.......o....
 10     d0 92 01 00 00 00 00 00  00 01 00 00 00 00 00 00    ................
 20     00 00 ff 00 07 00 ff 00  ff 00 00 00 07 00 00 00    ................
 30     00 00 00 00 00 00 00 00  00 00 00 00 00 00 00 00    ................
 40     00 00 00 00 00 00 00 00  00 00 00 00 00 00 00 00    ................
 50     00 00 00 00 00 00 00 00  00 00 00 00 00 00 00 00    ................
 60     00 00 00 00 00 00 00 00  00 00 00 00 00 00 00 00    ................
 70     00 00 00 00 00 00 00 00  00 00 00 00 00 00 00 00    ................
 80     00 00 09 00 00 00 0c 00  00 00 00 00 00 00 00 00    ................
 90     00 00 00 00 00 00 00 00  00 00 00 00 00 00 00 00    ................
 ...
 ]
Model Number:                       SK Hynix PE4010
Serial Number:                      TEST_SN
Firmware Version:                   80230E00
PCI Vendor ID:                      0x1c5c
PCI Vendor Subsystem ID:            0x1c5c
IEEE OUI Identifier:                0xace42e
Total NVM Capacity:                 0
Unallocated NVM Capacity:           0
Controller ID:                      1
Number of Namespaces:               1
Namespace 1 Size:                   960,197,124,096 [960 GB]
Namespace 1 Capacity:               960,197,124,096 [960 GB]
Namespace 1 Utilization:            52,797,440 [52.7 MB]
Namespace 1 Formatted LBA Size:     512
Namespace 1 IEEE EUI-64:            000000 0000000000
Local Time is:                      Thu Jun 06 17:07:48 2019 PDT
Firmware Updates (0x14):            2 Slots, no Reset required
Optional Admin Commands (0x0007):   Security Format Frmw_DL
Optional NVM Commands (0x001f):     Comp Wr_Unc DS_Mngmt Wr_Zero Sav/Sel_Feat
Maximum Data Transfer Size:         32 Pages
Warning  Comp. Temp. Threshold:     82 Celsius
Critical Comp. Temp. Threshold:     83 Celsius
Namespace 1 Features (0x00):        -

Supported Power States
St Op     Max   Active     Idle   RL RT WL WT  Ent_Lat  Ex_Lat
 0 +     8.25W       -        -    0  0  0  0        5       5

Supported LBA Sizes (NSID 0x1)
Id Fmt  Data  Metadt  Rel_Perf
 0 +     512       0         0
 1 -    4096       0         0

=== START OF SMART DATA SECTION ===
 [NVMe call: opcode=0x02, size=0x0200, nsid=0xffffffff, cdw10=0x007f0002]
  [STORAGE_QUERY_PROPERTY: Id=50, Type=2, Value=0x00000002, SubVal=0xffffffff]
  [STORAGE_QUERY_PROPERTY: ReturnData=0x00000000, Reserved[3]={0x0, 0x0, 0x0}]
 [NVMe call succeeded: result=0x00000000
 00     00 00 00 00 00 00 00 00  00 00 00 00 00 00 00 00    ................
 10     00 00 00 00 00 00 00 00  00 00 00 00 00 00 00 00    ................
 ...
 ]
SMART overall-health self-assessment test result: PASSED

SMART/Health Information (NVMe Log 0x02)
Critical Warning:                   0x00
Temperature:                        -
Available Spare:                    0%
Available Spare Threshold:          0%
Percentage Used:                    0%
Data Units Read:                    0
Data Units Written:                 0
Host Read Commands:                 0
Host Write Commands:                0
Controller Busy Time:               0
Power Cycles:                       0
Power On Hours:                     0
Unsafe Shutdowns:                   0
Media and Data Integrity Errors:    0
Error Information Log Entries:      0
Warning  Comp. Temperature Time:    0
Critical Comp. Temperature Time:    0
Temperature Sensor 1:               -
Temperature Sensor 2:               -
Temperature Sensor 3:               -
Temperature Sensor 4:               -
Temperature Sensor 5:               -
Temperature Sensor 6:               -
Temperature Sensor 7:               -
Temperature Sensor 8:               -
Thermal Temp. 1 Transition Count:   0
Thermal Temp. 2 Transition Count:   0
Thermal Temp. 1 Total Time:         0
Thermal Temp. 2 Total Time:         0

 [NVMe call: opcode=0x02, size=0x4000, nsid=0xffffffff, cdw10=0x0fff0001]
  [STORAGE_QUERY_PROPERTY: Id=50, Type=2, Value=0x00000001, SubVal=0xffffffff]
  [STORAGE_QUERY_PROPERTY: ReturnData=0x00000000, Reserved[3]={0x0, 0x0, 0x0}]
  [Duration: 0.003s]
 [NVMe call succeeded: result=0x00000000
 00     00 00 00 00 00 00 00 00  00 00 00 00 00 00 00 00    ................
 10     00 00 00 00 00 00 00 00  00 00 00 00 00 00 00 00    ................
 ...
 ]
Error Information (NVMe Log 0x01, max 256 entries)
No Errors Logged

