# smartctl -r ioctl,2 -x /dev/sda
smartctl 6.6 2017-09-24 r4486 [x86_64-linux-3.10.0-957.10.1.el7.x86_64] (daily-20170924)
Copyright (C) 2002-17, Bruce Allen, Christian Franke, www.smartmontools.org

sda -> /sys/class/scsi_host/host1/proc_name: "ahci"
 [inquiry: 12 00 00 00 24 00 ]
  scsi_status=0x0, host_status=0x0, driver_status=0x0
  info=0x0  duration=0 milliseconds  resid=0
  Incoming data, len=36:
 00     00 00 05 02 5b 00 00 00  41 54 41 20 20 20 20 20
 10     53 53 44 53 43 32 4b 42  34 38 30 47 37 52 20 20
 20     44 4c 35 38
 [ata pass-through(16): 85 08 0e 00 00 00 01 00 00 00 00 00 00 00 ec 00 ]
  scsi_status=0x0, host_status=0x0, driver_status=0x0
  info=0x0  duration=0 milliseconds  resid=0
  Incoming data, len=512 [only first 256 bytes shown]:
 00     40 00 ff 3f 37 c8 10 00  00 00 00 00 3f 00 00 00
 10     00 00 00 00 20 20 54 42  53 59 31 38 36 31 35 30
 20     4b 57 38 34 42 30 4e 47  00 00 00 00 00 00 43 53
 30     31 56 4c 44 38 35 53 53  53 44 32 43 42 4b 38 34
 40     47 30 52 37 20 20 20 20  20 20 20 20 20 20 20 20
 50     20 20 20 20 20 20 20 20  20 20 20 20 20 20 01 80
 60     00 40 00 2f 00 40 00 00  00 00 06 00 ff 3f 10 00
 70     3f 00 10 fc fb 00 01 fd  ff ff ff 0f 00 00 07 00
 80     03 00 78 00 78 00 78 00  78 00 3c 40 00 00 00 00
 90     00 00 00 00 00 00 1f 00  0e 95 06 00 40 00 40 00
 a0     fc 07 6d 00 69 70 01 74  63 61 69 70 01 b4 63 61
 b0     7f 40 00 00 00 00 00 00  00 00 00 00 00 00 00 00
 c0     00 00 00 00 00 00 00 00  b0 36 e4 37 00 00 00 00
 d0     00 00 04 00 03 60 00 00  cd 55 41 2e 4d 4f f1 0e
 e0     00 00 00 00 00 00 00 00  00 00 00 00 00 00 5c 41
 f0     5c 41 00 00 00 00 00 00  00 00 00 00 00 00 00 00
/dev/sda [SAT]: Device open changed type from 'scsi' to 'sat'

REPORT-IOCTL: Device=/dev/sda Command=IDENTIFY DEVICE
 Input:   FR=...., SC=0x01, LL=...., LM=...., LH=...., DEV=...., CMD=0xec IN
 [ata pass-through(16): 85 08 0e 00 00 00 01 00 00 00 00 00 00 00 ec 00 ]
  scsi_status=0x0, host_status=0x0, driver_status=0x0
  info=0x0  duration=0 milliseconds  resid=0
  Incoming data, len=512 [only first 256 bytes shown]:
 00     40 00 ff 3f 37 c8 10 00  00 00 00 00 3f 00 00 00
 10     00 00 00 00 20 20 54 42  53 59 31 38 36 31 35 30
 20     4b 57 38 34 42 30 4e 47  00 00 00 00 00 00 43 53
 30     31 56 4c 44 38 35 53 53  53 44 32 43 42 4b 38 34
 40     47 30 52 37 20 20 20 20  20 20 20 20 20 20 20 20
 50     20 20 20 20 20 20 20 20  20 20 20 20 20 20 01 80
 60     00 40 00 2f 00 40 00 00  00 00 06 00 ff 3f 10 00
 70     3f 00 10 fc fb 00 01 fd  ff ff ff 0f 00 00 07 00
 80     03 00 78 00 78 00 78 00  78 00 3c 40 00 00 00 00
 90     00 00 00 00 00 00 1f 00  0e 95 06 00 40 00 40 00
 a0     fc 07 6d 00 69 70 01 74  63 61 69 70 01 b4 63 61
 b0     7f 40 00 00 00 00 00 00  00 00 00 00 00 00 00 00
 c0     00 00 00 00 00 00 00 00  b0 36 e4 37 00 00 00 00
 d0     00 00 04 00 03 60 00 00  cd 55 41 2e 4d 4f f1 0e
 e0     00 00 00 00 00 00 00 00  00 00 00 00 00 00 5c 41
 f0     5c 41 00 00 00 00 00 00  00 00 00 00 00 00 00 00
REPORT-IOCTL: Device=/dev/sda Command=IDENTIFY DEVICE returned 0

===== [IDENTIFY DEVICE] DATA START (BASE-16) =====
000-015: 40 00 ff 3f 37 c8 10 00 00 00 00 00 3f 00 00 00 |@..?7.......?...|
016-031: 00 00 00 00 20 20 54 42 53 59 31 38 36 31 35 30 |....  TBSY186150|
032-047: 4b 57 38 34 42 30 4e 47 00 00 00 00 00 00 43 53 |KW84B0NG......CS|
048-063: 31 56 4c 44 38 35 53 53 53 44 32 43 42 4b 38 34 |1VLD85SSSD2CBK84|
064-079: 47 30 52 37 20 20 20 20 20 20 20 20 20 20 20 20 |G0R7            |
080-095: 20 20 20 20 20 20 20 20 20 20 20 20 20 20 01 80 |              ..|
096-111: 00 40 00 2f 00 40 00 00 00 00 06 00 ff 3f 10 00 |.@./.@.......?..|
112-127: 3f 00 10 fc fb 00 01 fd ff ff ff 0f 00 00 07 00 |?...............|
128-143: 03 00 78 00 78 00 78 00 78 00 3c 40 00 00 00 00 |..x.x.x.x.<@....|
144-159: 00 00 00 00 00 00 1f 00 0e 95 06 00 40 00 40 00 |............@.@.|
160-175: fc 07 6d 00 69 70 01 74 63 61 69 70 01 b4 63 61 |..m.ip.tcaip..ca|
176-191: 7f 40 00 00 00 00 00 00 00 00 00 00 00 00 00 00 |.@..............|
192-207: 00 00 00 00 00 00 00 00 b0 36 e4 37 00 00 00 00 |.........6.7....|
208-223: 00 00 04 00 03 60 00 00 cd 55 41 2e 4d 4f f1 0e |.....`...UA.MO..|
224-239: 00 00 00 00 00 00 00 00 00 00 00 00 00 00 5c 41 |..............\A|
240-255: 5c 41 00 00 00 00 00 00 00 00 00 00 00 00 00 00 |\A..............|
256-271: 00 00 1c 00 00 00 00 00 00 00 00 00 00 00 00 00 |................|
272-287: 00 00 00 00 00 00 00 00 00 00 00 00 00 00 00 00 |................|
288-303: 00 00 00 00 00 00 00 00 00 00 00 00 00 00 00 00 |................|
304-319: 00 00 00 00 00 00 00 00 00 00 00 00 00 00 00 00 |................|
320-335: 00 00 00 00 00 00 00 00 00 00 00 00 00 00 00 00 |................|
336-351: 03 00 01 00 45 44 4c 4c 74 28 29 6d 00 00 00 00 |....EDLLt()m....|
352-367: 20 20 20 20 20 20 20 20 20 20 20 20 20 20 20 20 |                |
368-383: 20 20 20 20 20 20 20 20 20 20 20 20 20 20 20 20 |                |
384-399: 20 20 20 20 20 20 20 20 20 20 20 20 20 20 20 20 |                |
400-415: 20 20 20 20 20 20 20 20 20 20 20 20 3d 00 00 00 |            =...|
416-431: 00 00 00 40 00 00 00 00 00 00 00 00 00 00 00 00 |...@............|
432-447: 00 00 01 00 00 00 00 00 00 00 00 00 ff 10 00 00 |................|
448-463: 00 00 00 00 00 00 00 00 00 00 00 00 b0 36 e4 37 |.............6.7|
464-479: 00 00 00 00 01 00 ff ff 00 00 00 00 00 00 00 00 |................|
480-495: 00 00 00 00 00 00 00 00 00 00 00 00 00 00 00 00 |................|
496-511: 00 00 00 00 00 00 00 00 00 00 00 00 00 00 a5 5b |...............[|
===== [IDENTIFY DEVICE] DATA END (512 Bytes) =====

=== START OF INFORMATION SECTION ===
Device Model:     SSDSC2KB480G7R
Serial Number:    BTYS811605WK480BGN
LU WWN Device Id: 5 5cd2e4 14f4d0ef1
Add. Product Id:  DELL(tm)
Firmware Version: SCV1DL58
User Capacity:    480 103 981 056 bytes [480 GB]
Sector Sizes:     512 bytes logical, 4096 bytes physical
Rotation Rate:    Solid State Device
Form Factor:      2.5 inches
Device is:        Not in smartctl database [for details use: -P showall]
ATA Version is:   ACS-3 T13/2161-D revision 5
SATA Version is:  SATA 3.2, 6.0 Gb/s (current: 6.0 Gb/s)
Local Time is:    Fri Jun 14 10:57:08 2019 MSK
SMART support is: Available - device has SMART capability.
SMART support is: Enabled
AAM feature is:   Unavailable
APM feature is:   Unavailable
Rd look-ahead is: Enabled
Write cache is:   Enabled
DSN feature is:   Unavailable
ATA Security is:  Unavailable

REPORT-IOCTL: Device=/dev/sda Command=SMART READ LOG InputParameter=224
 Input:   FR=0xd5, SC=0x01, LL=0xe0, LM=0x4f, LH=0xc2, DEV=...., CMD=0xb0 IN
 [ata pass-through(16): 85 08 0e 00 d5 00 01 00 e0 00 4f 00 c2 00 b0 00 ]
  scsi_status=0x0, host_status=0x0, driver_status=0x0
  info=0x0  duration=0 milliseconds  resid=0
  Incoming data, len=512 [only first 256 bytes shown]:
 00     03 00 01 00 00 00 00 00  00 00 00 00 00 00 00 00
 10     00 00 00 00 00 00 00 00  00 00 00 00 00 00 00 00
 20     00 00 00 00 00 00 00 00  00 00 00 00 00 00 00 00
 30     00 00 00 00 00 00 00 00  00 00 00 00 00 00 00 00
 40     00 00 00 00 00 00 00 00  00 00 00 00 00 00 00 00
 50     00 00 00 00 00 00 00 00  00 00 00 00 00 00 00 00
 60     00 00 00 00 00 00 00 00  00 00 00 00 00 00 00 00
 70     00 00 00 00 00 00 00 00  00 00 00 00 00 00 00 00
 80     00 00 00 00 00 00 00 00  00 00 00 00 00 00 00 00
 90     00 00 00 00 00 00 00 00  00 00 00 00 00 00 00 00
 a0     00 00 00 00 00 00 00 00  00 00 00 00 00 00 00 00
 b0     00 00 00 00 00 00 00 00  00 00 00 00 00 00 00 00
 c0     00 00 00 00 00 00 00 00  21 19 25 11 25 4b 00 00
 d0     00 00 00 00 00 00 00 00  00 00 00 00 00 00 00 00
 e0     00 00 00 00 00 00 00 00  00 00 00 00 00 00 00 00
 f0     00 00 00 00 00 00 00 00  00 00 00 00 00 00 00 00
REPORT-IOCTL: Device=/dev/sda Command=SMART READ LOG returned 0

===== [SMART READ LOG] DATA START (BASE-16) =====
000-015: 03 00 01 00 00 00 00 00 00 00 00 00 00 00 00 00 |................|
016-031: 00 00 00 00 00 00 00 00 00 00 00 00 00 00 00 00 |................|
032-047: 00 00 00 00 00 00 00 00 00 00 00 00 00 00 00 00 |................|
048-063: 00 00 00 00 00 00 00 00 00 00 00 00 00 00 00 00 |................|
064-079: 00 00 00 00 00 00 00 00 00 00 00 00 00 00 00 00 |................|
080-095: 00 00 00 00 00 00 00 00 00 00 00 00 00 00 00 00 |................|
096-111: 00 00 00 00 00 00 00 00 00 00 00 00 00 00 00 00 |................|
112-127: 00 00 00 00 00 00 00 00 00 00 00 00 00 00 00 00 |................|
128-143: 00 00 00 00 00 00 00 00 00 00 00 00 00 00 00 00 |................|
144-159: 00 00 00 00 00 00 00 00 00 00 00 00 00 00 00 00 |................|
160-175: 00 00 00 00 00 00 00 00 00 00 00 00 00 00 00 00 |................|
176-191: 00 00 00 00 00 00 00 00 00 00 00 00 00 00 00 00 |................|
192-207: 00 00 00 00 00 00 00 00 21 19 25 11 25 4b 00 00 |........!.%.%K..|
208-223: 00 00 00 00 00 00 00 00 00 00 00 00 00 00 00 00 |................|
224-239: 00 00 00 00 00 00 00 00 00 00 00 00 00 00 00 00 |................|
240-255: 00 00 00 00 00 00 00 00 00 00 00 00 00 00 00 00 |................|
256-271: 00 00 00 00 00 00 00 00 00 00 00 00 00 00 00 00 |................|
272-287: 00 00 00 00 00 00 00 00 00 00 00 00 00 00 00 00 |................|
288-303: 00 00 00 00 00 00 00 00 00 00 00 00 00 00 00 00 |................|
304-319: 00 00 00 00 00 00 00 00 00 00 00 00 00 00 00 00 |................|
320-335: 00 00 00 00 00 00 00 00 00 00 00 00 00 00 00 00 |................|
336-351: 00 00 00 00 00 00 00 00 00 00 00 00 00 00 00 00 |................|
352-367: 00 00 00 00 00 00 00 00 00 00 00 00 00 00 00 00 |................|
368-383: 00 00 00 00 00 00 00 00 00 00 00 00 00 00 00 00 |................|
384-399: 00 00 00 00 00 00 00 00 00 00 00 00 00 00 00 00 |................|
400-415: 00 00 00 00 00 00 00 00 00 00 00 00 00 00 00 00 |................|
416-431: 00 00 00 00 00 00 00 00 00 00 00 00 00 00 00 00 |................|
432-447: 00 00 00 00 00 00 00 00 00 00 00 00 00 00 00 00 |................|
448-463: 00 00 00 00 00 00 00 00 00 00 00 00 00 00 00 00 |................|
464-479: 00 00 00 00 00 00 00 00 00 00 00 00 00 00 00 00 |................|
480-495: 00 00 2b 01 00 00 00 00 00 00 00 00 00 00 00 00 |..+.............|
496-511: 00 00 00 00 00 00 00 00 00 00 00 00 00 00 00 00 |................|
===== [SMART READ LOG] DATA END (512 Bytes) =====

 00     04 00 02 00 02 00 02 00  00 00 00 00 00 00 00 00
 10     00 00 00 00 00 00 00 00  00 00 00 00 00 00 00 00
 20     00 00 00 00 00 00 00 00  00 00 00 00 00 00 00 00
 30     00 00 00 00 00 00 00 00  00 00 00 00 00 00 00 00
 40     00 00 00 00 00 00 00 00  00 00 00 00 00 00 00 00
 50     00 00 00 00 00 00 00 00  00 00 00 00 00 00 00 00
 60     00 00 00 00 00 00 00 00  00 00 00 00 00 00 00 00
 70     00 00 00 00 00 00 00 00  00 00 00 00 00 00 00 00
 80     00 00 00 00 00 00 00 00  00 00 00 00 00 00 00 00
 90     00 00 00 00 00 00 00 00  00 00 00 00 00 00 00 00
 a0     00 00 00 00 00 00 00 00  00 00 00 00 00 00 00 00
 b0     00 00 00 00 00 00 00 00  00 00 00 00 00 00 00 00
 c0     00 00 00 00 00 00 00 00  00 00 00 00 00 00 00 00
 d0     00 00 00 00 00 00 00 00  00 00 00 00 00 00 00 00
 e0     00 00 00 00 00 00 00 00  00 00 00 00 00 00 00 00
 f0     00 00 00 00 00 00 00 00  00 00 00 00 00 00 00 00
 [ata pass-through(16): 85 0a 26 00 d6 00 01 00 e0 00 4f 00 c2 00 b0 00 ]
  Outgoing data, len=512 [only first 256 bytes shown]:
  scsi_status=0x2, host_status=0x0, driver_status=0x8
  info=0x1  duration=0 milliseconds  resid=0
  >>> Sense buffer, len=22:
 00     72 01 00 1d 00 00 00 0e  09 0c 00 00 00 01 00 00
 10     00 00 00 00 00 50
  status=2: [desc] sense_key=1 asc=0 ascq=1d
Values from ATA Return Descriptor are:
 00     09 0c 00 00 00 01 00 00  00 00 00 00 00 50

REPORT-IOCTL: Device=/dev/sda Command=SMART READ LOG InputParameter=224
 Input:   FR=0xd5, SC=0x01, LL=0xe0, LM=0x4f, LH=0xc2, DEV=...., CMD=0xb0 IN
 [ata pass-through(16): 85 08 0e 00 d5 00 01 00 e0 00 4f 00 c2 00 b0 00 ]
  scsi_status=0x0, host_status=0x0, driver_status=0x0
  info=0x0  duration=0 milliseconds  resid=0
  Incoming data, len=512 [only first 256 bytes shown]:
 00     03 00 01 00 00 00 00 00  00 00 00 00 00 00 00 00
 10     04 00 02 00 00 00 00 00  00 00 00 00 00 00 00 00
 20     00 00 00 00 00 00 00 00  00 00 00 00 00 00 00 00
 30     00 00 00 00 00 00 00 00  00 00 00 00 00 00 00 00
 40     00 00 00 00 00 00 00 00  00 00 00 00 00 00 00 00
 50     00 00 00 00 00 00 00 00  00 00 00 00 00 00 00 00
 60     00 00 00 00 00 00 00 00  00 00 00 00 00 00 00 00
 70     00 00 00 00 00 00 00 00  00 00 00 00 00 00 00 00
 80     00 00 00 00 00 00 00 00  00 00 00 00 00 00 00 00
 90     00 00 00 00 00 00 00 00  00 00 00 00 00 00 00 00
 a0     00 00 00 00 00 00 00 00  00 00 00 00 00 00 00 00
 b0     00 00 00 00 00 00 00 00  00 00 00 00 00 00 00 00
 c0     00 00 00 00 00 00 00 00  21 19 25 11 25 4b 00 00
 d0     00 00 00 00 00 00 00 00  00 00 00 00 00 00 00 00
 e0     00 00 00 00 00 00 00 00  00 00 00 00 00 00 00 00
 f0     00 00 00 00 00 00 00 00  00 00 00 00 00 00 00 00
 [Duration: 0,001s]
REPORT-IOCTL: Device=/dev/sda Command=SMART READ LOG returned 0

===== [SMART READ LOG] DATA START (BASE-16) =====
000-015: 03 00 01 00 00 00 00 00 00 00 00 00 00 00 00 00 |................|
016-031: 04 00 02 00 00 00 00 00 00 00 00 00 00 00 00 00 |................|
032-047: 00 00 00 00 00 00 00 00 00 00 00 00 00 00 00 00 |................|
048-063: 00 00 00 00 00 00 00 00 00 00 00 00 00 00 00 00 |................|
064-079: 00 00 00 00 00 00 00 00 00 00 00 00 00 00 00 00 |................|
080-095: 00 00 00 00 00 00 00 00 00 00 00 00 00 00 00 00 |................|
096-111: 00 00 00 00 00 00 00 00 00 00 00 00 00 00 00 00 |................|
112-127: 00 00 00 00 00 00 00 00 00 00 00 00 00 00 00 00 |................|
128-143: 00 00 00 00 00 00 00 00 00 00 00 00 00 00 00 00 |................|
144-159: 00 00 00 00 00 00 00 00 00 00 00 00 00 00 00 00 |................|
160-175: 00 00 00 00 00 00 00 00 00 00 00 00 00 00 00 00 |................|
176-191: 00 00 00 00 00 00 00 00 00 00 00 00 00 00 00 00 |................|
192-207: 00 00 00 00 00 00 00 00 21 19 25 11 25 4b 00 00 |........!.%.%K..|
208-223: 00 00 00 00 00 00 00 00 00 00 00 00 00 00 00 00 |................|
224-239: 00 00 00 00 00 00 00 00 00 00 00 00 00 00 00 00 |................|
240-255: 00 00 00 00 00 00 00 00 00 00 00 00 00 00 00 00 |................|
256-271: 00 00 00 00 00 00 00 00 00 00 00 00 00 00 00 00 |................|
272-287: 00 00 00 00 00 00 00 00 00 00 00 00 00 00 00 00 |................|
288-303: 00 00 00 00 00 00 00 00 00 00 00 00 00 00 00 00 |................|
304-319: 00 00 00 00 00 00 00 00 00 00 00 00 00 00 00 00 |................|
320-335: 00 00 00 00 00 00 00 00 00 00 00 00 00 00 00 00 |................|
336-351: 00 00 00 00 00 00 00 00 00 00 00 00 00 00 00 00 |................|
352-367: 00 00 00 00 00 00 00 00 00 00 00 00 00 00 00 00 |................|
368-383: 00 00 00 00 00 00 00 00 00 00 00 00 00 00 00 00 |................|
384-399: 00 00 00 00 00 00 00 00 00 00 00 00 00 00 00 00 |................|
400-415: 00 00 00 00 00 00 00 00 00 00 00 00 00 00 00 00 |................|
416-431: 00 00 00 00 00 00 00 00 00 00 00 00 00 00 00 00 |................|
432-447: 00 00 00 00 00 00 00 00 00 00 00 00 00 00 00 00 |................|
448-463: 00 00 00 00 00 00 00 00 00 00 00 00 00 00 00 00 |................|
464-479: 00 00 00 00 00 00 00 00 00 00 00 00 00 00 00 00 |................|
480-495: 00 00 2b 01 00 00 00 00 00 00 00 00 00 00 00 00 |..+.............|
496-511: 00 00 00 00 00 00 00 00 00 00 00 00 00 00 00 00 |................|
===== [SMART READ LOG] DATA END (512 Bytes) =====

Wt Cache Reorder: Enabled


REPORT-IOCTL: Device=/dev/sda Command=SMART READ ATTRIBUTE VALUES
 Input:   FR=0xd0, SC=0x01, LL=...., LM=0x4f, LH=0xc2, DEV=...., CMD=0xb0 IN
 [ata pass-through(16): 85 08 0e 00 d0 00 01 00 00 00 4f 00 c2 00 b0 00 ]
  scsi_status=0x0, host_status=0x0, driver_status=0x0
  info=0x0  duration=0 milliseconds  resid=0
  Incoming data, len=512 [only first 256 bytes shown]:
 00     01 00 01 0e 00 82 82 ff  ff ff ff 00 00 00 05 33
 10     00 64 64 00 00 00 00 00  00 00 09 32 00 64 64 ba
 20     0d 00 00 00 00 00 0c 32  00 64 64 1e 00 00 00 00
 30     00 00 0d 1e 00 50 4f ff  ff ff ff ff ff 00 aa 33
 40     00 64 64 00 00 00 00 00  00 00 ae 32 00 64 64 19
 50     00 00 00 00 00 00 b3 33  00 64 64 00 00 00 00 00
 60     00 00 b4 32 00 64 64 d4  1a 00 00 00 00 00 b5 3a
 70     00 64 64 00 00 00 00 00  00 00 b6 3a 00 64 64 00
 80     00 00 00 00 00 00 b8 32  00 64 64 00 00 00 00 00
 90     00 00 c2 22 00 64 64 21  00 00 00 00 00 00 c3 32
 a0     00 64 64 00 00 00 00 00  00 00 c5 12 00 64 64 00
 b0     00 00 00 00 00 00 c6 10  00 64 64 00 00 00 00 00
 c0     00 00 c7 3e 00 64 64 00  00 00 00 00 00 00 c9 33
 d0     00 64 64 f3 09 14 02 79  01 00 ca 27 00 64 64 00
 e0     00 00 00 00 00 00 e1 32  00 64 64 54 58 0d 00 00
 f0     00 00 e2 32 00 64 64 a3  1a 00 00 00 00 00 e3 32
 [Duration: 0,001s]
REPORT-IOCTL: Device=/dev/sda Command=SMART READ ATTRIBUTE VALUES returned 0

===== [SMART READ ATTRIBUTE VALUES] DATA START (BASE-16) =====
000-015: 01 00 01 0e 00 82 82 ff ff ff ff 00 00 00 05 33 |...............3|
016-031: 00 64 64 00 00 00 00 00 00 00 09 32 00 64 64 ba |.dd........2.dd.|
032-047: 0d 00 00 00 00 00 0c 32 00 64 64 1e 00 00 00 00 |.......2.dd.....|
048-063: 00 00 0d 1e 00 50 4f ff ff ff ff ff ff 00 aa 33 |.....PO........3|
064-079: 00 64 64 00 00 00 00 00 00 00 ae 32 00 64 64 19 |.dd........2.dd.|
080-095: 00 00 00 00 00 00 b3 33 00 64 64 00 00 00 00 00 |.......3.dd.....|
096-111: 00 00 b4 32 00 64 64 d4 1a 00 00 00 00 00 b5 3a |...2.dd........:|
112-127: 00 64 64 00 00 00 00 00 00 00 b6 3a 00 64 64 00 |.dd........:.dd.|
128-143: 00 00 00 00 00 00 b8 32 00 64 64 00 00 00 00 00 |.......2.dd.....|
144-159: 00 00 c2 22 00 64 64 21 00 00 00 00 00 00 c3 32 |...".dd!.......2|
160-175: 00 64 64 00 00 00 00 00 00 00 c5 12 00 64 64 00 |.dd..........dd.|
176-191: 00 00 00 00 00 00 c6 10 00 64 64 00 00 00 00 00 |.........dd.....|
192-207: 00 00 c7 3e 00 64 64 00 00 00 00 00 00 00 c9 33 |...>.dd........3|
208-223: 00 64 64 f3 09 14 02 79 01 00 ca 27 00 64 64 00 |.dd....y...'.dd.|
224-239: 00 00 00 00 00 00 e1 32 00 64 64 54 58 0d 00 00 |.......2.ddTX...|
240-255: 00 00 e2 32 00 64 64 a3 1a 00 00 00 00 00 e3 32 |...2.dd........2|
256-271: 00 64 64 2f 00 00 00 00 00 00 e4 32 00 64 64 93 |.dd/.......2.dd.|
272-287: 36 03 00 00 00 00 e8 33 00 64 64 00 00 00 00 00 |6......3.dd.....|
288-303: 00 00 e9 32 00 64 64 54 58 0d 00 00 00 00 ea 32 |...2.ddTX......2|
304-319: 00 64 64 00 00 00 00 00 00 00 f1 32 00 64 64 54 |.dd........2.ddT|
320-335: 58 0d 00 00 00 00 f2 32 00 64 64 ae 6b 0c 00 00 |X......2.dd.k...|
336-351: 00 00 f5 32 00 5e 5e 5e 00 00 00 00 00 00 00 00 |...2.^^^........|
352-367: 00 00 00 00 00 00 00 00 00 00 02 00 02 00 00 79 |...............y|
368-383: 03 00 01 80 01 3c 3c 00 00 00 00 00 00 00 00 00 |.....<<.........|
384-399: 00 00 00 00 00 00 00 00 00 00 00 00 00 00 00 00 |................|
400-415: 00 00 00 00 00 00 00 00 00 00 00 00 00 00 00 00 |................|
416-431: 00 00 00 00 00 00 00 00 00 00 00 00 00 00 00 00 |................|
432-447: 00 00 00 00 00 00 00 00 00 00 00 00 00 00 00 00 |................|
448-463: 00 00 00 00 00 00 00 00 00 00 00 00 00 00 00 00 |................|
464-479: 00 00 00 00 00 00 00 00 00 00 00 00 00 00 00 00 |................|
480-495: 00 00 00 00 00 00 00 00 00 00 00 00 00 00 00 00 |................|
496-511: 00 00 00 00 00 00 00 00 00 00 00 00 00 00 00 1a |................|
===== [SMART READ ATTRIBUTE VALUES] DATA END (512 Bytes) =====


REPORT-IOCTL: Device=/dev/sda Command=SMART READ ATTRIBUTE THRESHOLDS
 Input:   FR=0xd1, SC=0x01, LL=0x01, LM=0x4f, LH=0xc2, DEV=...., CMD=0xb0 IN
 [ata pass-through(16): 85 08 0e 00 d1 00 01 00 01 00 4f 00 c2 00 b0 00 ]
  scsi_status=0x0, host_status=0x0, driver_status=0x0
  info=0x0  duration=0 milliseconds  resid=0
  Incoming data, len=512 [only first 256 bytes shown]:
 00     01 00 01 27 00 00 00 00  00 00 00 00 00 00 05 01
 10     00 00 00 00 00 00 00 00  00 00 09 00 00 00 00 00
 20     00 00 00 00 00 00 0c 00  00 00 00 00 00 00 00 00
 30     00 00 0d 00 00 00 00 00  00 00 00 00 00 00 aa 0a
 40     00 00 00 00 00 00 00 00  00 00 ae 00 00 00 00 00
 50     00 00 00 00 00 00 b3 0a  00 00 00 00 00 00 00 00
 60     00 00 b4 00 00 00 00 00  00 00 00 00 00 00 b5 00
 70     00 00 00 00 00 00 00 00  00 00 b6 00 00 00 00 00
 80     00 00 00 00 00 00 b8 00  00 00 00 00 00 00 00 00
 90     00 00 c2 00 00 00 00 00  00 00 00 00 00 00 c3 00
 a0     00 00 00 00 00 00 00 00  00 00 c5 00 00 00 00 00
 b0     00 00 00 00 00 00 c6 00  00 00 00 00 00 00 00 00
 c0     00 00 c7 00 00 00 00 00  00 00 00 00 00 00 c9 0a
 d0     00 00 00 00 00 00 00 00  00 00 ca 00 00 00 00 00
 e0     00 00 00 00 00 00 e1 00  00 00 00 00 00 00 00 00
 f0     00 00 e2 00 00 00 00 00  00 00 00 00 00 00 e3 00
REPORT-IOCTL: Device=/dev/sda Command=SMART READ ATTRIBUTE THRESHOLDS returned 0

===== [SMART READ ATTRIBUTE THRESHOLDS] DATA START (BASE-16) =====
000-015: 01 00 01 27 00 00 00 00 00 00 00 00 00 00 05 01 |...'............|
016-031: 00 00 00 00 00 00 00 00 00 00 09 00 00 00 00 00 |................|
032-047: 00 00 00 00 00 00 0c 00 00 00 00 00 00 00 00 00 |................|
048-063: 00 00 0d 00 00 00 00 00 00 00 00 00 00 00 aa 0a |................|
064-079: 00 00 00 00 00 00 00 00 00 00 ae 00 00 00 00 00 |................|
080-095: 00 00 00 00 00 00 b3 0a 00 00 00 00 00 00 00 00 |................|
096-111: 00 00 b4 00 00 00 00 00 00 00 00 00 00 00 b5 00 |................|
112-127: 00 00 00 00 00 00 00 00 00 00 b6 00 00 00 00 00 |................|
128-143: 00 00 00 00 00 00 b8 00 00 00 00 00 00 00 00 00 |................|
144-159: 00 00 c2 00 00 00 00 00 00 00 00 00 00 00 c3 00 |................|
160-175: 00 00 00 00 00 00 00 00 00 00 c5 00 00 00 00 00 |................|
176-191: 00 00 00 00 00 00 c6 00 00 00 00 00 00 00 00 00 |................|
192-207: 00 00 c7 00 00 00 00 00 00 00 00 00 00 00 c9 0a |................|
208-223: 00 00 00 00 00 00 00 00 00 00 ca 00 00 00 00 00 |................|
224-239: 00 00 00 00 00 00 e1 00 00 00 00 00 00 00 00 00 |................|
240-255: 00 00 e2 00 00 00 00 00 00 00 00 00 00 00 e3 00 |................|
256-271: 00 00 00 00 00 00 00 00 00 00 e4 00 00 00 00 00 |................|
272-287: 00 00 00 00 00 00 e8 0a 00 00 00 00 00 00 00 00 |................|
288-303: 00 00 e9 00 00 00 00 00 00 00 00 00 00 00 ea 00 |................|
304-319: 00 00 00 00 00 00 00 00 00 00 f1 00 00 00 00 00 |................|
320-335: 00 00 00 00 00 00 f2 00 00 00 00 00 00 00 00 00 |................|
336-351: 00 00 f5 00 00 00 00 00 00 00 00 00 00 00 00 00 |................|
352-367: 00 00 00 00 00 00 00 00 00 00 00 00 00 00 00 00 |................|
368-383: 00 00 00 00 00 00 00 00 00 00 00 00 00 00 00 00 |................|
384-399: 00 00 00 00 00 00 00 00 00 00 00 00 00 00 00 00 |................|
400-415: 00 00 00 00 00 00 00 00 00 00 00 00 00 00 00 00 |................|
416-431: 00 00 00 00 00 00 00 00 00 00 00 00 00 00 00 00 |................|
432-447: 00 00 00 00 00 00 00 00 00 00 00 00 00 00 00 00 |................|
448-463: 00 00 00 00 00 00 00 00 00 00 00 00 00 00 00 00 |................|
464-479: 00 00 00 00 00 00 00 00 00 00 00 00 00 00 00 00 |................|
480-495: 00 00 00 00 00 00 00 00 00 00 00 00 00 00 00 00 |................|
496-511: 00 00 00 00 00 00 00 00 00 00 00 00 00 00 00 1e |................|
===== [SMART READ ATTRIBUTE THRESHOLDS] DATA END (512 Bytes) =====

=== START OF READ SMART DATA SECTION ===

REPORT-IOCTL: Device=/dev/sda Command=SMART STATUS CHECK
 Input:   FR=0xda, SC=...., LL=...., LM=0x4f, LH=0xc2, DEV=...., CMD=0xb0
 [ata pass-through(16): 85 06 2c 00 da 00 00 00 00 00 4f 00 c2 00 b0 00 ]
  scsi_status=0x2, host_status=0x0, driver_status=0x8
  info=0x1  duration=0 milliseconds  resid=0
  >>> Sense buffer, len=22:
 00     72 01 00 1d 00 00 00 0e  09 0c 00 00 00 00 00 00
 10     00 4f 00 c2 00 50
  status=2: [desc] sense_key=1 asc=0 ascq=1d
Values from ATA Return Descriptor are:
 00     09 0c 00 00 00 00 00 00  00 4f 00 c2 00 50
 Output: ERR=0x00, SC=0x00, LL=0x00, LM=0x4f, LH=0xc2, DEV=0x00, STS=0x50
REPORT-IOCTL: Device=/dev/sda Command=SMART STATUS CHECK returned 0
SMART overall-health self-assessment test result: PASSED

General SMART Values:
Offline data collection status:  (0x02)	Offline data collection activity
					was completed without error.
					Auto Offline Data Collection: Disabled.
Self-test execution status:      (   0)	The previous self-test routine completed
					without error or no self-test has ever 
					been run.
Total time to complete Offline 
data collection: 		(    2) seconds.
Offline data collection
capabilities: 			 (0x79) SMART execute Offline immediate.
					No Auto Offline data collection support.
					Suspend Offline collection upon new
					command.
					Offline surface scan supported.
					Self-test supported.
					Conveyance Self-test supported.
					Selective Self-test supported.
SMART capabilities:            (0x0003)	Saves SMART data before entering
					power-saving mode.
					Supports SMART auto save timer.
Error logging capability:        (0x01)	Error logging supported.
					General Purpose Logging supported.
Short self-test routine 
recommended polling time: 	 (   1) minutes.
Extended self-test routine
recommended polling time: 	 (  60) minutes.
Conveyance self-test routine
recommended polling time: 	 (  60) minutes.
SCT capabilities: 	       (0x003d)	SCT Status supported.
					SCT Error Recovery Control supported.
					SCT Feature Control supported.
					SCT Data Table supported.

SMART Attributes Data Structure revision number: 1
Vendor Specific SMART Attributes with Thresholds:
ID# ATTRIBUTE_NAME          FLAGS    VALUE WORST THRESH FAIL RAW_VALUE
  1 Raw_Read_Error_Rate     -OSR--   130   130   039    -    4294967295
  5 Reallocated_Sector_Ct   PO--CK   100   100   001    -    0
  9 Power_On_Hours          -O--CK   100   100   000    -    3514
 12 Power_Cycle_Count       -O--CK   100   100   000    -    30
 13 Read_Soft_Error_Rate    -OSRC-   080   079   000    -    281474976710655
170 Unknown_Attribute       PO--CK   100   100   010    -    0
174 Unknown_Attribute       -O--CK   100   100   000    -    25
179 Used_Rsvd_Blk_Cnt_Tot   PO--CK   100   100   010    -    0
180 Unused_Rsvd_Blk_Cnt_Tot -O--CK   100   100   000    -    6868
181 Program_Fail_Cnt_Total  -O-RCK   100   100   000    -    0
182 Erase_Fail_Count_Total  -O-RCK   100   100   000    -    0
184 End-to-End_Error        -O--CK   100   100   000    -    0
194 Temperature_Celsius     -O---K   100   100   000    -    33
195 Hardware_ECC_Recovered  -O--CK   100   100   000    -    0
197 Current_Pending_Sector  -O--C-   100   100   000    -    0
198 Offline_Uncorrectable   ----C-   100   100   000    -    0
199 UDMA_CRC_Error_Count    -OSRCK   100   100   000    -    0
201 Unknown_SSD_Attribute   PO--CK   100   100   010    -    1619237538291
202 Unknown_SSD_Attribute   POS--K   100   100   000    -    0
225 Unknown_SSD_Attribute   -O--CK   100   100   000    -    874580
226 Unknown_SSD_Attribute   -O--CK   100   100   000    -    6819
227 Unknown_SSD_Attribute   -O--CK   100   100   000    -    47
228 Power-off_Retract_Count -O--CK   100   100   000    -    210579
232 Available_Reservd_Space PO--CK   100   100   010    -    0
233 Media_Wearout_Indicator -O--CK   100   100   000    -    874580
234 Unknown_Attribute       -O--CK   100   100   000    -    0
241 Total_LBAs_Written      -O--CK   100   100   000    -    874580
242 Total_LBAs_Read         -O--CK   100   100   000    -    813998
245 Unknown_Attribute       -O--CK   094   094   000    -    94
                            ||||||_ K auto-keep
                            |||||__ C event count
                            ||||___ R error rate
                            |||____ S speed/performance
                            ||_____ O updated online
                            |______ P prefailure warning


REPORT-IOCTL: Device=/dev/sda Command=SMART READ LOG InputParameter=0
 Input:   FR=0xd5, SC=0x01, LL=0x00, LM=0x4f, LH=0xc2, DEV=...., CMD=0xb0 IN
 [ata pass-through(16): 85 08 0e 00 d5 00 01 00 00 00 4f 00 c2 00 b0 00 ]
  scsi_status=0x0, host_status=0x0, driver_status=0x0
  info=0x0  duration=0 milliseconds  resid=0
  Incoming data, len=512 [only first 256 bytes shown]:
 00     01 00 00 00 08 00 00 00  08 00 00 00 01 00 00 00
 10     00 00 00 00 00 00 00 00  00 00 00 00 00 00 00 00
 20     00 00 00 00 00 00 00 00  00 00 00 00 00 00 00 00
 30     00 00 00 00 00 00 00 00  00 00 00 00 00 00 00 00
 40     00 00 00 00 00 00 00 00  00 00 00 00 00 00 00 00
 50     00 00 00 00 00 00 00 00  00 00 00 00 00 00 00 00
 60     09 00 00 00 00 00 00 00  00 00 00 00 00 00 00 00
 70     00 00 00 00 00 00 00 00  00 00 00 00 00 00 00 00
 80     00 00 00 00 00 00 00 00  00 00 00 00 00 00 00 00
 90     00 00 00 00 00 00 00 00  00 00 00 00 00 00 00 00
 a0     00 00 00 00 00 00 00 00  00 00 00 00 00 00 00 00
 b0     00 00 00 00 00 00 00 00  00 00 00 00 00 00 00 00
 c0     00 00 00 00 00 00 00 00  00 00 00 00 00 00 00 00
 d0     00 00 00 00 00 00 00 00  00 00 00 00 00 00 00 00
 e0     00 00 00 00 00 00 00 00  00 00 00 00 00 00 00 00
 f0     00 00 00 00 00 00 00 00  00 00 00 00 00 00 00 00
REPORT-IOCTL: Device=/dev/sda Command=SMART READ LOG returned 0

===== [SMART READ LOG] DATA START (BASE-16) =====
000-015: 01 00 00 00 08 00 00 00 08 00 00 00 01 00 00 00 |................|
016-031: 00 00 00 00 00 00 00 00 00 00 00 00 00 00 00 00 |................|
032-047: 00 00 00 00 00 00 00 00 00 00 00 00 00 00 00 00 |................|
048-063: 00 00 00 00 00 00 00 00 00 00 00 00 00 00 00 00 |................|
064-079: 00 00 00 00 00 00 00 00 00 00 00 00 00 00 00 00 |................|
080-095: 00 00 00 00 00 00 00 00 00 00 00 00 00 00 00 00 |................|
096-111: 09 00 00 00 00 00 00 00 00 00 00 00 00 00 00 00 |................|
112-127: 00 00 00 00 00 00 00 00 00 00 00 00 00 00 00 00 |................|
128-143: 00 00 00 00 00 00 00 00 00 00 00 00 00 00 00 00 |................|
144-159: 00 00 00 00 00 00 00 00 00 00 00 00 00 00 00 00 |................|
160-175: 00 00 00 00 00 00 00 00 00 00 00 00 00 00 00 00 |................|
176-191: 00 00 00 00 00 00 00 00 00 00 00 00 00 00 00 00 |................|
192-207: 00 00 00 00 00 00 00 00 00 00 00 00 00 00 00 00 |................|
208-223: 00 00 00 00 00 00 00 00 00 00 00 00 00 00 00 00 |................|
224-239: 00 00 00 00 00 00 00 00 00 00 00 00 00 00 00 00 |................|
240-255: 00 00 00 00 00 00 00 00 00 00 00 00 00 00 00 00 |................|
256-271: 00 00 00 00 00 00 00 00 00 00 00 00 00 00 00 00 |................|
272-287: 00 00 00 00 00 00 00 00 00 00 00 00 00 00 00 00 |................|
288-303: 00 00 00 00 00 00 00 00 00 00 00 00 00 00 00 00 |................|
304-319: 00 00 01 00 01 00 00 00 00 00 00 00 00 00 00 00 |................|
320-335: 00 00 00 00 00 00 00 00 00 00 00 00 00 00 00 00 |................|
336-351: 00 00 00 00 00 00 00 00 00 00 00 00 00 00 00 00 |................|
352-367: 00 00 00 00 00 00 00 00 00 00 00 00 00 00 00 00 |................|
368-383: 01 00 f0 0c 00 05 00 00 00 00 00 00 00 00 00 00 |................|
384-399: 00 00 00 00 00 00 00 00 00 00 00 00 00 00 00 00 |................|
400-415: 00 00 00 00 00 00 00 00 00 00 00 00 00 00 00 00 |................|
416-431: 00 00 00 00 00 00 00 00 00 00 00 00 00 00 00 00 |................|
432-447: 00 00 00 00 00 00 00 00 00 00 00 00 00 00 00 00 |................|
448-463: 01 00 08 00 00 00 00 00 00 00 00 00 00 00 00 00 |................|
464-479: 00 00 00 00 00 00 00 00 00 00 00 00 00 00 00 00 |................|
480-495: 00 00 00 00 00 00 00 00 00 00 00 00 00 00 00 00 |................|
496-511: 00 00 00 00 00 00 00 00 00 00 00 00 00 00 00 00 |................|
===== [SMART READ LOG] DATA END (512 Bytes) =====

 [ata pass-through(16): 85 09 0e 00 00 00 01 00 00 00 00 00 00 00 2f 00 ]
  scsi_status=0x0, host_status=0x0, driver_status=0x0
  info=0x0  duration=0 milliseconds  resid=0
  Incoming data, len=512 [only first 256 bytes shown]:
 00     01 00 00 00 00 00 14 00  08 00 00 00 00 00 02 00
 10     02 00 00 00 00 00 00 00  00 00 00 00 00 00 00 00
 20     01 00 01 00 00 00 00 00  00 00 00 00 00 00 00 00
 30     00 00 00 00 00 00 00 00  00 00 00 00 00 00 00 00
 40     00 00 00 00 00 00 00 00  00 00 00 00 00 00 00 00
 50     00 00 00 00 00 00 00 00  00 00 00 00 00 00 00 00
 60     09 00 00 00 00 00 00 00  00 00 00 00 00 00 00 00
 70     00 00 00 00 00 00 00 00  00 00 00 00 00 00 00 00
 80     00 00 00 00 00 00 00 00  00 00 00 00 00 00 00 00
 90     00 00 00 00 00 00 00 00  00 00 00 00 00 00 00 00
 a0     00 00 00 00 00 00 00 00  00 00 00 00 00 00 00 00
 b0     00 00 00 00 00 00 00 00  00 00 00 00 00 00 00 00
 c0     00 00 00 00 00 00 00 00  00 00 00 00 00 00 00 00
 d0     00 00 00 00 00 00 00 00  00 00 00 00 00 00 00 00
 e0     00 00 00 00 00 00 00 00  00 00 00 00 00 00 00 00
 f0     00 00 00 00 00 00 00 00  00 00 00 00 00 00 00 00
General Purpose Log Directory Version 1
SMART           Log Directory Version 1 [multi-sector log support]
Address    Access  R/W   Size  Description
0x00       GPL,SL  R/O      1  Log Directory
0x02           SL  R/O      8  Comprehensive SMART error log
0x03       GPL     R/O     20  Ext. Comprehensive SMART error log
0x04       GPL,SL  R/O      8  Device Statistics log
0x06           SL  R/O      1  SMART self-test log
0x07       GPL     R/O      2  Extended self-test log
0x08       GPL     R/O      2  Power Conditions log
0x10       GPL     R/O      1  NCQ Command Error log
0x11       GPL     R/O      1  SATA Phy Event Counters log
0x30       GPL,SL  R/O      9  IDENTIFY DEVICE data log
0x99-0x9a  GPL,SL  R/W      1  Host vendor specific log
0xb8           SL  VS       1  Device vendor specific log
0xb9           SL  VS     240  Device vendor specific log
0xba       GPL     VS    1280  Device vendor specific log
0xe0       GPL,SL  R/W      1  SCT Command/Status
0xe1       GPL,SL  R/W      8  SCT Data Transfer

 [ata pass-through(16): 85 09 0e 00 00 00 01 00 03 00 00 00 00 00 2f 00 ]
  scsi_status=0x0, host_status=0x0, driver_status=0x0
  info=0x0  duration=0 milliseconds  resid=0
  Incoming data, len=512 [only first 256 bytes shown]:
 00     01 00 00 00 00 00 00 00  00 00 00 00 00 00 00 00
 10     00 00 00 00 00 00 00 00  00 00 00 00 00 00 00 00
 20     00 00 00 00 00 00 00 00  00 00 00 00 00 00 00 00
 30     00 00 00 00 00 00 00 00  00 00 00 00 00 00 00 00
 40     00 00 00 00 00 00 00 00  00 00 00 00 00 00 00 00
 50     00 00 00 00 00 00 00 00  00 00 00 00 00 00 00 00
 60     00 00 00 00 00 00 00 00  00 00 00 00 00 00 00 00
 70     00 00 00 00 00 00 00 00  00 00 00 00 00 00 00 00
 80     00 00 00 00 00 00 00 00  00 00 00 00 00 00 00 00
 90     00 00 00 00 00 00 00 00  00 00 00 00 00 00 00 00
 a0     00 00 00 00 00 00 00 00  00 00 00 00 00 00 00 00
 b0     00 00 00 00 00 00 00 00  00 00 00 00 00 00 00 00
 c0     00 00 00 00 00 00 00 00  00 00 00 00 00 00 00 00
 d0     00 00 00 00 00 00 00 00  00 00 00 00 00 00 00 00
 e0     00 00 00 00 00 00 00 00  00 00 00 00 00 00 00 00
 f0     00 00 00 00 00 00 00 00  00 00 00 00 00 00 00 00
SMART Extended Comprehensive Error Log Version: 1 (20 sectors)
No Errors Logged

 [ata pass-through(16): 85 09 0e 00 00 00 02 00 07 00 00 00 00 00 2f 00 ]
  scsi_status=0x0, host_status=0x0, driver_status=0x0
  info=0x0  duration=0 milliseconds  resid=0
  Incoming data, len=1024 [only first 256 bytes shown]:
 00     01 00 19 00 01 00 bb 0b  be 00 00 00 00 00 00 00
 10     00 00 00 00 00 00 00 00  00 00 00 00 00 00 01 00
 20     d3 0b 6e 00 00 00 00 00  00 00 00 00 00 00 00 00
 30     00 00 00 00 00 00 00 00  01 00 eb 0b 1e 00 00 00
 40     00 00 00 00 00 00 00 00  00 00 00 00 00 00 00 00
 50     00 00 02 00 ed 0b be 00  00 00 00 00 00 00 00 00
 60     00 00 00 00 00 00 00 00  00 00 00 00 01 00 03 0c
 70     5e 00 00 00 00 00 00 00  00 00 00 00 00 00 00 00
 80     00 00 00 00 00 00 01 00  1b 0c 7e 00 00 00 00 00
 90     00 00 00 00 00 00 00 00  00 00 00 00 00 00 00 00
 a0     01 00 33 0c ce 00 00 00  00 00 00 00 00 00 00 00
 b0     00 00 00 00 00 00 00 00  00 00 01 00 4b 0c 3e 00
 c0     00 00 00 00 00 00 00 00  00 00 00 00 00 00 00 00
 d0     00 00 00 00 01 00 63 0c  1e 00 00 00 00 00 00 00
 e0     00 00 00 00 00 00 00 00  00 00 00 00 00 00 01 00
 f0     7a 0c be 00 00 00 00 00  00 00 00 00 00 00 00 00
SMART Extended Self-test Log Version: 1 (2 sectors)
Num  Test_Description    Status                  Remaining  LifeTime(hours)  LBA_of_first_error
# 1  Short offline       Completed without error       00%      3505         -
# 2  Short offline       Completed without error       00%      3481         -
# 3  Short offline       Completed without error       00%      3457         -
# 4  Short offline       Completed without error       00%      3433         -
# 5  Short offline       Completed without error       00%      3409         -
# 6  Extended offline    Completed without error       00%      3387         -
# 7  Short offline       Completed without error       00%      3385         -
# 8  Short offline       Completed without error       00%      3361         -
# 9  Short offline       Completed without error       00%      3338         -
#10  Short offline       Completed without error       00%      3314         -
#11  Short offline       Completed without error       00%      3290         -
#12  Short offline       Completed without error       00%      3266         -
#13  Short offline       Completed without error       00%      3242         -
#14  Extended offline    Completed without error       00%      3220         -
#15  Short offline       Completed without error       00%      3218         -
#16  Short offline       Completed without error       00%      3194         -
#17  Short offline       Completed without error       00%      3171         -
#18  Short offline       Completed without error       00%      3147         -
#19  Short offline       Completed without error       00%      3123         -
#20  Short offline       Completed without error       00%      3099         -
#21  Short offline       Completed without error       00%      3075         -
#22  Extended offline    Completed without error       00%      3053         -
#23  Short offline       Completed without error       00%      3051         -
#24  Short offline       Completed without error       00%      3027         -
#25  Short offline       Completed without error       00%      3003         -


REPORT-IOCTL: Device=/dev/sda Command=SMART READ LOG InputParameter=9
 Input:   FR=0xd5, SC=0x01, LL=0x09, LM=0x4f, LH=0xc2, DEV=...., CMD=0xb0 IN
 [ata pass-through(16): 85 08 0e 00 d5 00 01 00 09 00 4f 00 c2 00 b0 00 ]
  scsi_status=0x2, host_status=0x0, driver_status=0x8
  info=0x1  duration=10 milliseconds  resid=0
  Incoming data, len=512 [only first 256 bytes shown]:
 00     01 00 19 00 01 00 bb 0b  be 00 00 00 00 00 00 00
 10     00 00 00 00 00 00 00 00  00 00 00 00 00 00 01 00
 20     d3 0b 6e 00 00 00 00 00  00 00 00 00 00 00 00 00
 30     00 00 00 00 00 00 00 00  01 00 eb 0b 1e 00 00 00
 40     00 00 00 00 00 00 00 00  00 00 00 00 00 00 00 00
 50     00 00 02 00 ed 0b be 00  00 00 00 00 00 00 00 00
 60     00 00 00 00 00 00 00 00  00 00 00 00 01 00 03 0c
 70     5e 00 00 00 00 00 00 00  00 00 00 00 00 00 00 00
 80     00 00 00 00 00 00 01 00  1b 0c 7e 00 00 00 00 00
 90     00 00 00 00 00 00 00 00  00 00 00 00 00 00 00 00
 a0     01 00 33 0c ce 00 00 00  00 00 00 00 00 00 00 00
 b0     00 00 00 00 00 00 00 00  00 00 01 00 4b 0c 3e 00
 c0     00 00 00 00 00 00 00 00  00 00 00 00 00 00 00 00
 d0     00 00 00 00 01 00 63 0c  1e 00 00 00 00 00 00 00
 e0     00 00 00 00 00 00 00 00  00 00 00 00 00 00 01 00
 f0     7a 0c be 00 00 00 00 00  00 00 00 00 00 00 00 00
  >>> Sense buffer, len=22:
 00     72 05 21 04 00 00 00 0e  09 0c 00 04 00 00 00 00
 10     00 00 00 00 00 53
  status=2: [desc] sense_key=5 asc=21 ascq=4
sat_device::ata_pass_through: scsi error: badly formed scsi parameters
Values from ATA Return Descriptor are:
 00     09 0c 00 04 00 00 00 00  00 00 00 00 00 53
 [Duration: 0,011s]
REPORT-IOCTL: Device=/dev/sda Command=SMART READ LOG returned -1 errno=5 [scsi error badly formed scsi parameters]

===== [SMART READ LOG] DATA START (BASE-16) =====
000-015: 00 00 00 00 00 00 00 00 00 00 00 00 00 00 00 00 |................|
016-031: 00 00 00 00 00 00 00 00 00 00 00 00 00 00 00 00 |................|
032-047: 00 00 00 00 00 00 00 00 00 00 00 00 00 00 00 00 |................|
048-063: 00 00 00 00 00 00 00 00 00 00 00 00 00 00 00 00 |................|
064-079: 00 00 00 00 00 00 00 00 00 00 00 00 00 00 00 00 |................|
080-095: 00 00 00 00 00 00 00 00 00 00 00 00 00 00 00 00 |................|
096-111: 00 00 00 00 00 00 00 00 00 00 00 00 00 00 00 00 |................|
112-127: 00 00 00 00 00 00 00 00 00 00 00 00 00 00 00 00 |................|
128-143: 00 00 00 00 00 00 00 00 00 00 00 00 00 00 00 00 |................|
144-159: 00 00 00 00 00 00 00 00 00 00 00 00 00 00 00 00 |................|
160-175: 00 00 00 00 00 00 00 00 00 00 00 00 00 00 00 00 |................|
176-191: 00 00 00 00 00 00 00 00 00 00 00 00 00 00 00 00 |................|
192-207: 00 00 00 00 00 00 00 00 00 00 00 00 00 00 00 00 |................|
208-223: 00 00 00 00 00 00 00 00 00 00 00 00 00 00 00 00 |................|
224-239: 00 00 00 00 00 00 00 00 00 00 00 00 00 00 00 00 |................|
240-255: 00 00 00 00 00 00 00 00 00 00 00 00 00 00 00 00 |................|
256-271: 00 00 00 00 00 00 00 00 00 00 00 00 00 00 00 00 |................|
272-287: 00 00 00 00 00 00 00 00 00 00 00 00 00 00 00 00 |................|
288-303: 00 00 00 00 00 00 00 00 00 00 00 00 00 00 00 00 |................|
304-319: 00 00 00 00 00 00 00 00 00 00 00 00 00 00 00 00 |................|
320-335: 00 00 00 00 00 00 00 00 00 00 00 00 00 00 00 00 |................|
336-351: 00 00 00 00 00 00 00 00 00 00 00 00 00 00 00 00 |................|
352-367: 00 00 00 00 00 00 00 00 00 00 00 00 00 00 00 00 |................|
368-383: 00 00 00 00 00 00 00 00 00 00 00 00 00 00 00 00 |................|
384-399: 00 00 00 00 00 00 00 00 00 00 00 00 00 00 00 00 |................|
400-415: 00 00 00 00 00 00 00 00 00 00 00 00 00 00 00 00 |................|
416-431: 00 00 00 00 00 00 00 00 00 00 00 00 00 00 00 00 |................|
432-447: 00 00 00 00 00 00 00 00 00 00 00 00 00 00 00 00 |................|
448-463: 00 00 00 00 00 00 00 00 00 00 00 00 00 00 00 00 |................|
464-479: 00 00 00 00 00 00 00 00 00 00 00 00 00 00 00 00 |................|
480-495: 00 00 00 00 00 00 00 00 00 00 00 00 00 00 00 00 |................|
496-511: 00 00 00 00 00 00 00 00 00 00 00 00 00 00 00 00 |................|
===== [SMART READ LOG] DATA END (512 Bytes) =====

Read SMART Selective Self-test Log failed: scsi error badly formed scsi parameters


REPORT-IOCTL: Device=/dev/sda Command=SMART READ LOG InputParameter=224
 Input:   FR=0xd5, SC=0x01, LL=0xe0, LM=0x4f, LH=0xc2, DEV=...., CMD=0xb0 IN
 [ata pass-through(16): 85 08 0e 00 d5 00 01 00 e0 00 4f 00 c2 00 b0 00 ]
  scsi_status=0x0, host_status=0x0, driver_status=0x0
  info=0x0  duration=0 milliseconds  resid=0
  Incoming data, len=512 [only first 256 bytes shown]:
 00     03 00 01 00 00 00 00 00  00 00 00 00 00 00 00 00
 10     04 00 02 00 00 00 00 00  00 00 00 00 00 00 00 00
 20     00 00 00 00 00 00 00 00  00 00 00 00 00 00 00 00
 30     00 00 00 00 00 00 00 00  00 00 00 00 00 00 00 00
 40     00 00 00 00 00 00 00 00  00 00 00 00 00 00 00 00
 50     00 00 00 00 00 00 00 00  00 00 00 00 00 00 00 00
 60     00 00 00 00 00 00 00 00  00 00 00 00 00 00 00 00
 70     00 00 00 00 00 00 00 00  00 00 00 00 00 00 00 00
 80     00 00 00 00 00 00 00 00  00 00 00 00 00 00 00 00
 90     00 00 00 00 00 00 00 00  00 00 00 00 00 00 00 00
 a0     00 00 00 00 00 00 00 00  00 00 00 00 00 00 00 00
 b0     00 00 00 00 00 00 00 00  00 00 00 00 00 00 00 00
 c0     00 00 00 00 00 00 00 00  21 19 25 11 25 4b 00 00
 d0     00 00 00 00 00 00 00 00  00 00 00 00 00 00 00 00
 e0     00 00 00 00 00 00 00 00  00 00 00 00 00 00 00 00
 f0     00 00 00 00 00 00 00 00  00 00 00 00 00 00 00 00
 [Duration: 0,001s]
REPORT-IOCTL: Device=/dev/sda Command=SMART READ LOG returned 0 errno=5 [scsi error badly formed scsi parameters]

===== [SMART READ LOG] DATA START (BASE-16) =====
000-015: 03 00 01 00 00 00 00 00 00 00 00 00 00 00 00 00 |................|
016-031: 04 00 02 00 00 00 00 00 00 00 00 00 00 00 00 00 |................|
032-047: 00 00 00 00 00 00 00 00 00 00 00 00 00 00 00 00 |................|
048-063: 00 00 00 00 00 00 00 00 00 00 00 00 00 00 00 00 |................|
064-079: 00 00 00 00 00 00 00 00 00 00 00 00 00 00 00 00 |................|
080-095: 00 00 00 00 00 00 00 00 00 00 00 00 00 00 00 00 |................|
096-111: 00 00 00 00 00 00 00 00 00 00 00 00 00 00 00 00 |................|
112-127: 00 00 00 00 00 00 00 00 00 00 00 00 00 00 00 00 |................|
128-143: 00 00 00 00 00 00 00 00 00 00 00 00 00 00 00 00 |................|
144-159: 00 00 00 00 00 00 00 00 00 00 00 00 00 00 00 00 |................|
160-175: 00 00 00 00 00 00 00 00 00 00 00 00 00 00 00 00 |................|
176-191: 00 00 00 00 00 00 00 00 00 00 00 00 00 00 00 00 |................|
192-207: 00 00 00 00 00 00 00 00 21 19 25 11 25 4b 00 00 |........!.%.%K..|
208-223: 00 00 00 00 00 00 00 00 00 00 00 00 00 00 00 00 |................|
224-239: 00 00 00 00 00 00 00 00 00 00 00 00 00 00 00 00 |................|
240-255: 00 00 00 00 00 00 00 00 00 00 00 00 00 00 00 00 |................|
256-271: 00 00 00 00 00 00 00 00 00 00 00 00 00 00 00 00 |................|
272-287: 00 00 00 00 00 00 00 00 00 00 00 00 00 00 00 00 |................|
288-303: 00 00 00 00 00 00 00 00 00 00 00 00 00 00 00 00 |................|
304-319: 00 00 00 00 00 00 00 00 00 00 00 00 00 00 00 00 |................|
320-335: 00 00 00 00 00 00 00 00 00 00 00 00 00 00 00 00 |................|
336-351: 00 00 00 00 00 00 00 00 00 00 00 00 00 00 00 00 |................|
352-367: 00 00 00 00 00 00 00 00 00 00 00 00 00 00 00 00 |................|
368-383: 00 00 00 00 00 00 00 00 00 00 00 00 00 00 00 00 |................|
384-399: 00 00 00 00 00 00 00 00 00 00 00 00 00 00 00 00 |................|
400-415: 00 00 00 00 00 00 00 00 00 00 00 00 00 00 00 00 |................|
416-431: 00 00 00 00 00 00 00 00 00 00 00 00 00 00 00 00 |................|
432-447: 00 00 00 00 00 00 00 00 00 00 00 00 00 00 00 00 |................|
448-463: 00 00 00 00 00 00 00 00 00 00 00 00 00 00 00 00 |................|
464-479: 00 00 00 00 00 00 00 00 00 00 00 00 00 00 00 00 |................|
480-495: 00 00 2b 01 00 00 00 00 00 00 00 00 00 00 00 00 |..+.............|
496-511: 00 00 00 00 00 00 00 00 00 00 00 00 00 00 00 00 |................|
===== [SMART READ LOG] DATA END (512 Bytes) =====

SCT Status Version:                  3
SCT Version (vendor specific):       1 (0x0001)
SCT Support Level:                   0
Device State:                        Active (0)
Current Temperature:                    33 Celsius
Power Cycle Min/Max Temperature:     25/37 Celsius
Lifetime    Min/Max Temperature:     17/37 Celsius
Under/Over Temperature Limit Count:   0/0
Vendor specific:
00 00 2b 01 00 00 00 00 00 00 00 00 00 00 00 00
00 00 00 00 00 00 00 00 00 00 00 00 00 00 00 00


REPORT-IOCTL: Device=/dev/sda Command=SMART WRITE LOG InputParameter=224

===== [SMART WRITE LOG] DATA START (BASE-16) =====
000-015: 05 00 01 00 02 00 00 00 00 00 00 00 00 00 00 00 |................|
016-031: 00 00 00 00 00 00 00 00 00 00 00 00 00 00 00 00 |................|
032-047: 00 00 00 00 00 00 00 00 00 00 00 00 00 00 00 00 |................|
048-063: 00 00 00 00 00 00 00 00 00 00 00 00 00 00 00 00 |................|
064-079: 00 00 00 00 00 00 00 00 00 00 00 00 00 00 00 00 |................|
080-095: 00 00 00 00 00 00 00 00 00 00 00 00 00 00 00 00 |................|
096-111: 00 00 00 00 00 00 00 00 00 00 00 00 00 00 00 00 |................|
112-127: 00 00 00 00 00 00 00 00 00 00 00 00 00 00 00 00 |................|
128-143: 00 00 00 00 00 00 00 00 00 00 00 00 00 00 00 00 |................|
144-159: 00 00 00 00 00 00 00 00 00 00 00 00 00 00 00 00 |................|
160-175: 00 00 00 00 00 00 00 00 00 00 00 00 00 00 00 00 |................|
176-191: 00 00 00 00 00 00 00 00 00 00 00 00 00 00 00 00 |................|
192-207: 00 00 00 00 00 00 00 00 00 00 00 00 00 00 00 00 |................|
208-223: 00 00 00 00 00 00 00 00 00 00 00 00 00 00 00 00 |................|
224-239: 00 00 00 00 00 00 00 00 00 00 00 00 00 00 00 00 |................|
240-255: 00 00 00 00 00 00 00 00 00 00 00 00 00 00 00 00 |................|
256-271: 00 00 00 00 00 00 00 00 00 00 00 00 00 00 00 00 |................|
272-287: 00 00 00 00 00 00 00 00 00 00 00 00 00 00 00 00 |................|
288-303: 00 00 00 00 00 00 00 00 00 00 00 00 00 00 00 00 |................|
304-319: 00 00 00 00 00 00 00 00 00 00 00 00 00 00 00 00 |................|
320-335: 00 00 00 00 00 00 00 00 00 00 00 00 00 00 00 00 |................|
336-351: 00 00 00 00 00 00 00 00 00 00 00 00 00 00 00 00 |................|
352-367: 00 00 00 00 00 00 00 00 00 00 00 00 00 00 00 00 |................|
368-383: 00 00 00 00 00 00 00 00 00 00 00 00 00 00 00 00 |................|
384-399: 00 00 00 00 00 00 00 00 00 00 00 00 00 00 00 00 |................|
400-415: 00 00 00 00 00 00 00 00 00 00 00 00 00 00 00 00 |................|
416-431: 00 00 00 00 00 00 00 00 00 00 00 00 00 00 00 00 |................|
432-447: 00 00 00 00 00 00 00 00 00 00 00 00 00 00 00 00 |................|
448-463: 00 00 00 00 00 00 00 00 00 00 00 00 00 00 00 00 |................|
464-479: 00 00 00 00 00 00 00 00 00 00 00 00 00 00 00 00 |................|
480-495: 00 00 00 00 00 00 00 00 00 00 00 00 00 00 00 00 |................|
496-511: 00 00 00 00 00 00 00 00 00 00 00 00 00 00 00 00 |................|
===== [SMART WRITE LOG] DATA END (512 Bytes) =====

 Input:   FR=0xd6, SC=0x01, LL=0xe0, LM=0x4f, LH=0xc2, DEV=...., CMD=0xb0 OUT
 00     05 00 01 00 02 00 00 00  00 00 00 00 00 00 00 00
 10     00 00 00 00 00 00 00 00  00 00 00 00 00 00 00 00
 20     00 00 00 00 00 00 00 00  00 00 00 00 00 00 00 00
 30     00 00 00 00 00 00 00 00  00 00 00 00 00 00 00 00
 40     00 00 00 00 00 00 00 00  00 00 00 00 00 00 00 00
 50     00 00 00 00 00 00 00 00  00 00 00 00 00 00 00 00
 60     00 00 00 00 00 00 00 00  00 00 00 00 00 00 00 00
 70     00 00 00 00 00 00 00 00  00 00 00 00 00 00 00 00
 80     00 00 00 00 00 00 00 00  00 00 00 00 00 00 00 00
 90     00 00 00 00 00 00 00 00  00 00 00 00 00 00 00 00
 a0     00 00 00 00 00 00 00 00  00 00 00 00 00 00 00 00
 b0     00 00 00 00 00 00 00 00  00 00 00 00 00 00 00 00
 c0     00 00 00 00 00 00 00 00  00 00 00 00 00 00 00 00
 d0     00 00 00 00 00 00 00 00  00 00 00 00 00 00 00 00
 e0     00 00 00 00 00 00 00 00  00 00 00 00 00 00 00 00
 f0     00 00 00 00 00 00 00 00  00 00 00 00 00 00 00 00
 [ata pass-through(16): 85 0a 06 00 d6 00 01 00 e0 00 4f 00 c2 00 b0 00 ]
  Outgoing data, len=512 [only first 256 bytes shown]:
  scsi_status=0x0, host_status=0x0, driver_status=0x0
  info=0x0  duration=0 milliseconds  resid=0
 [Duration: 0,001s]
REPORT-IOCTL: Device=/dev/sda Command=SMART WRITE LOG returned 0 errno=5 [scsi error badly formed scsi parameters]

REPORT-IOCTL: Device=/dev/sda Command=SMART READ LOG InputParameter=225
 Input:   FR=0xd5, SC=0x01, LL=0xe1, LM=0x4f, LH=0xc2, DEV=...., CMD=0xb0 IN
 [ata pass-through(16): 85 08 0e 00 d5 00 01 00 e1 00 4f 00 c2 00 b0 00 ]
  scsi_status=0x0, host_status=0x0, driver_status=0x0
  info=0x0  duration=0 milliseconds  resid=0
  Incoming data, len=512 [only first 256 bytes shown]:
 00     02 00 01 00 01 00 4b 4b  00 00 00 00 00 00 00 00
 10     00 00 00 00 00 00 00 00  00 00 00 00 00 00 de 01
 20     4a 00 1f 1f 1f 1f 1f 1f  1f 20 20 20 20 20 20 20
 30     20 20 20 20 20 20 20 20  20 20 20 20 20 20 20 20
 40     20 20 20 20 20 20 20 20  20 20 20 21 20 21 21 21
 50     21 21 21 21 21 21 21 21  21 21 21 21 21 21 21 21
 60     21 21 21 21 21 21 21 21  21 21 21 21 21 1d 1d 1d
 70     1e 1e 1e 1e 1e 1e 1e 1d  1d 1d 1d 1d 1d 1d 1d 1d
 80     1d 1d 1d 1d 1d 1d 1d 1d  1d 1d 1d 1d 1d 1d 1d 1d
 90     1d 1d 1d 1d 1d 1d 1d 1d  1d 1d 1d 1d 1d 1d 1d 1d
 a0     1d 1d 1d 1d 1d 1d 1d 1d  1d 1d 1d 1d 1d 1d 1d 1d
 b0     1d 1d 1d 1d 1d 1d 1d 1d  1d 1d 1d 1d 1d 1d 1d 1e
 c0     1e 1d 1e 1d 1d 1d 1d 1d  1d 1d 1d 1d 1e 1e 1e 1e
 d0     1e 1e 1d 1e 1e 1e 1e 1e  1e 1e 1e 1e 1e 1e 1e 1e
 e0     1e 1e 1e 1e 1e 1e 1e 1e  1e 1e 1e 1e 1e 1e 1e 1e
 f0     1e 1e 1e 1e 1e 1e 1e 1e  1e 1e 1e 1e 1d 1e 1e 1d
REPORT-IOCTL: Device=/dev/sda Command=SMART READ LOG returned 0 errno=5 [scsi error badly formed scsi parameters]

===== [SMART READ LOG] DATA START (BASE-16) =====
000-015: 02 00 01 00 01 00 4b 4b 00 00 00 00 00 00 00 00 |......KK........|
016-031: 00 00 00 00 00 00 00 00 00 00 00 00 00 00 de 01 |................|
032-047: 4a 00 1f 1f 1f 1f 1f 1f 1f 20 20 20 20 20 20 20 |J........       |
048-063: 20 20 20 20 20 20 20 20 20 20 20 20 20 20 20 20 |                |
064-079: 20 20 20 20 20 20 20 20 20 20 20 21 20 21 21 21 |           ! !!!|
080-095: 21 21 21 21 21 21 21 21 21 21 21 21 21 21 21 21 |!!!!!!!!!!!!!!!!|
096-111: 21 21 21 21 21 21 21 21 21 21 21 21 21 1d 1d 1d |!!!!!!!!!!!!!...|
112-127: 1e 1e 1e 1e 1e 1e 1e 1d 1d 1d 1d 1d 1d 1d 1d 1d |................|
128-143: 1d 1d 1d 1d 1d 1d 1d 1d 1d 1d 1d 1d 1d 1d 1d 1d |................|
144-159: 1d 1d 1d 1d 1d 1d 1d 1d 1d 1d 1d 1d 1d 1d 1d 1d |................|
160-175: 1d 1d 1d 1d 1d 1d 1d 1d 1d 1d 1d 1d 1d 1d 1d 1d |................|
176-191: 1d 1d 1d 1d 1d 1d 1d 1d 1d 1d 1d 1d 1d 1d 1d 1e |................|
192-207: 1e 1d 1e 1d 1d 1d 1d 1d 1d 1d 1d 1d 1e 1e 1e 1e |................|
208-223: 1e 1e 1d 1e 1e 1e 1e 1e 1e 1e 1e 1e 1e 1e 1e 1e |................|
224-239: 1e 1e 1e 1e 1e 1e 1e 1e 1e 1e 1e 1e 1e 1e 1e 1e |................|
240-255: 1e 1e 1e 1e 1e 1e 1e 1e 1e 1e 1e 1e 1d 1e 1e 1d |................|
256-271: 1d 1e 1e 1e 1e 1e 1e 1e 1e 1e 1e 1e 1e 1e 1e 1e |................|
272-287: 1e 1e 1e 1e 1e 1e 1e 1e 1e 1e 1e 1e 1e 1e 1e 1e |................|
288-303: 1e 1e 1e 1e 1e 1e 1e 1e 1e 1e 1e 1e 1e 1e 1e 1e |................|
304-319: 1e 1e 1e 1e 1e 1e 1e 1e 1e 1e 1e 1e 1e 1e 1e 1e |................|
320-335: 1e 1e 1e 1e 1e 1e 1e 1e 1e 1e 1e 1e 1e 1e 1e 1e |................|
336-351: 1e 1e 1e 1e 1e 1e 1e 1e 1e 1e 1e 1e 1e 1e 1e 1e |................|
352-367: 1e 1e 1e 1e 1e 1e 1e 1e 1e 1e 1e 1e 1e 1e 1e 1e |................|
368-383: 1e 1e 1e 1e 1e 1e 1e 1e 1e 1e 1e 1e 1e 1e 1e 1e |................|
384-399: 1e 1e 1e 1e 1e 1e 1d 1e 1e 1e 1e 1e 1d 1d 1d 1d |................|
400-415: 1d 1d 1d 1d 1d 1d 1d 1d 1d 1d 1d 1d 1d 1d 1d 1e |................|
416-431: 1e 1d 1d 1d 1d 1d 1d 1d 1d 1d 1d 1d 1d 1d 1d 1d |................|
432-447: 1d 1d 1d 1d 1d 1d 1d 1d 1d 1d 1d 1d 1d 1d 1d 1d |................|
448-463: 1d 1d 1d 1d 1e 1e 1e 1e 1d 1e 1e 1e 1e 1e 1e 1e |................|
464-479: 1e 1e 1e 1e 1e 1e 1e 1e 1e 1e 1e 1e 1e 1e 1e 1e |................|
480-495: 1e 1e 1e 1e 1e 1e 1e 1e 1e 1e 1e 1e 1f 1f 1f 1f |................|
496-511: 1f 1f 1f 1f 1f 1f 1f 1f 1f 1f 1f 1f 1f 1f 1f 1f |................|
===== [SMART READ LOG] DATA END (512 Bytes) =====


REPORT-IOCTL: Device=/dev/sda Command=SMART READ LOG InputParameter=224
 Input:   FR=0xd5, SC=0x01, LL=0xe0, LM=0x4f, LH=0xc2, DEV=...., CMD=0xb0 IN
 [ata pass-through(16): 85 08 0e 00 d5 00 01 00 e0 00 4f 00 c2 00 b0 00 ]
  scsi_status=0x0, host_status=0x0, driver_status=0x0
  info=0x0  duration=0 milliseconds  resid=0
  Incoming data, len=512 [only first 256 bytes shown]:
 00     03 00 01 00 00 00 00 00  00 00 00 00 00 00 00 00
 10     05 00 01 00 00 00 00 00  00 00 00 00 00 00 00 00
 20     00 00 00 00 00 00 00 00  00 00 00 00 00 00 00 00
 30     00 00 00 00 00 00 00 00  00 00 00 00 00 00 00 00
 40     00 00 00 00 00 00 00 00  00 00 00 00 00 00 00 00
 50     00 00 00 00 00 00 00 00  00 00 00 00 00 00 00 00
 60     00 00 00 00 00 00 00 00  00 00 00 00 00 00 00 00
 70     00 00 00 00 00 00 00 00  00 00 00 00 00 00 00 00
 80     00 00 00 00 00 00 00 00  00 00 00 00 00 00 00 00
 90     00 00 00 00 00 00 00 00  00 00 00 00 00 00 00 00
 a0     00 00 00 00 00 00 00 00  00 00 00 00 00 00 00 00
 b0     00 00 00 00 00 00 00 00  00 00 00 00 00 00 00 00
 c0     00 00 00 00 00 00 00 00  21 19 25 11 25 4b 00 00
 d0     00 00 00 00 00 00 00 00  00 00 00 00 00 00 00 00
 e0     00 00 00 00 00 00 00 00  00 00 00 00 00 00 00 00
 f0     00 00 00 00 00 00 00 00  00 00 00 00 00 00 00 00
 [Duration: 0,001s]
REPORT-IOCTL: Device=/dev/sda Command=SMART READ LOG returned 0 errno=5 [scsi error badly formed scsi parameters]

===== [SMART READ LOG] DATA START (BASE-16) =====
000-015: 03 00 01 00 00 00 00 00 00 00 00 00 00 00 00 00 |................|
016-031: 05 00 01 00 00 00 00 00 00 00 00 00 00 00 00 00 |................|
032-047: 00 00 00 00 00 00 00 00 00 00 00 00 00 00 00 00 |................|
048-063: 00 00 00 00 00 00 00 00 00 00 00 00 00 00 00 00 |................|
064-079: 00 00 00 00 00 00 00 00 00 00 00 00 00 00 00 00 |................|
080-095: 00 00 00 00 00 00 00 00 00 00 00 00 00 00 00 00 |................|
096-111: 00 00 00 00 00 00 00 00 00 00 00 00 00 00 00 00 |................|
112-127: 00 00 00 00 00 00 00 00 00 00 00 00 00 00 00 00 |................|
128-143: 00 00 00 00 00 00 00 00 00 00 00 00 00 00 00 00 |................|
144-159: 00 00 00 00 00 00 00 00 00 00 00 00 00 00 00 00 |................|
160-175: 00 00 00 00 00 00 00 00 00 00 00 00 00 00 00 00 |................|
176-191: 00 00 00 00 00 00 00 00 00 00 00 00 00 00 00 00 |................|
192-207: 00 00 00 00 00 00 00 00 21 19 25 11 25 4b 00 00 |........!.%.%K..|
208-223: 00 00 00 00 00 00 00 00 00 00 00 00 00 00 00 00 |................|
224-239: 00 00 00 00 00 00 00 00 00 00 00 00 00 00 00 00 |................|
240-255: 00 00 00 00 00 00 00 00 00 00 00 00 00 00 00 00 |................|
256-271: 00 00 00 00 00 00 00 00 00 00 00 00 00 00 00 00 |................|
272-287: 00 00 00 00 00 00 00 00 00 00 00 00 00 00 00 00 |................|
288-303: 00 00 00 00 00 00 00 00 00 00 00 00 00 00 00 00 |................|
304-319: 00 00 00 00 00 00 00 00 00 00 00 00 00 00 00 00 |................|
320-335: 00 00 00 00 00 00 00 00 00 00 00 00 00 00 00 00 |................|
336-351: 00 00 00 00 00 00 00 00 00 00 00 00 00 00 00 00 |................|
352-367: 00 00 00 00 00 00 00 00 00 00 00 00 00 00 00 00 |................|
368-383: 00 00 00 00 00 00 00 00 00 00 00 00 00 00 00 00 |................|
384-399: 00 00 00 00 00 00 00 00 00 00 00 00 00 00 00 00 |................|
400-415: 00 00 00 00 00 00 00 00 00 00 00 00 00 00 00 00 |................|
416-431: 00 00 00 00 00 00 00 00 00 00 00 00 00 00 00 00 |................|
432-447: 00 00 00 00 00 00 00 00 00 00 00 00 00 00 00 00 |................|
448-463: 00 00 00 00 00 00 00 00 00 00 00 00 00 00 00 00 |................|
464-479: 00 00 00 00 00 00 00 00 00 00 00 00 00 00 00 00 |................|
480-495: 00 00 2b 01 00 00 00 00 00 00 00 00 00 00 00 00 |..+.............|
496-511: 00 00 00 00 00 00 00 00 00 00 00 00 00 00 00 00 |................|
===== [SMART READ LOG] DATA END (512 Bytes) =====

SCT Temperature History Version:     2
Temperature Sampling Period:         1 minute
Temperature Logging Interval:        1 minute
Min/Max recommended Temperature:      0/75 Celsius
Min/Max Temperature Limit:            0/75 Celsius
Temperature History Size (Index):    478 (74)

Index    Estimated Time   Temperature Celsius
  75    2019-06-14 03:00    29  **********
  76    2019-06-14 03:01    29  **********
  77    2019-06-14 03:02    29  **********
  78    2019-06-14 03:03    30  ***********
 ...    ..(  5 skipped).    ..  ***********
  84    2019-06-14 03:09    30  ***********
  85    2019-06-14 03:10    29  **********
 ...    ..( 70 skipped).    ..  **********
 156    2019-06-14 04:21    29  **********
 157    2019-06-14 04:22    30  ***********
 158    2019-06-14 04:23    30  ***********
 159    2019-06-14 04:24    29  **********
 160    2019-06-14 04:25    30  ***********
 161    2019-06-14 04:26    29  **********
 ...    ..(  7 skipped).    ..  **********
 169    2019-06-14 04:34    29  **********
 170    2019-06-14 04:35    30  ***********
 ...    ..(  4 skipped).    ..  ***********
 175    2019-06-14 04:40    30  ***********
 176    2019-06-14 04:41    29  **********
 177    2019-06-14 04:42    30  ***********
 ...    ..( 39 skipped).    ..  ***********
 217    2019-06-14 05:22    30  ***********
 218    2019-06-14 05:23    29  **********
 219    2019-06-14 05:24    30  ***********
 220    2019-06-14 05:25    30  ***********
 221    2019-06-14 05:26    29  **********
 222    2019-06-14 05:27    29  **********
 223    2019-06-14 05:28    30  ***********
 ...    ..(131 skipped).    ..  ***********
 355    2019-06-14 07:40    30  ***********
 356    2019-06-14 07:41    29  **********
 357    2019-06-14 07:42    30  ***********
 ...    ..(  3 skipped).    ..  ***********
 361    2019-06-14 07:46    30  ***********
 362    2019-06-14 07:47    29  **********
 ...    ..( 17 skipped).    ..  **********
 380    2019-06-14 08:05    29  **********
 381    2019-06-14 08:06    30  ***********
 382    2019-06-14 08:07    30  ***********
 383    2019-06-14 08:08    29  **********
 ...    ..( 33 skipped).    ..  **********
 417    2019-06-14 08:42    29  **********
 418    2019-06-14 08:43    30  ***********
 ...    ..(  2 skipped).    ..  ***********
 421    2019-06-14 08:46    30  ***********
 422    2019-06-14 08:47    29  **********
 423    2019-06-14 08:48    30  ***********
 ...    ..( 33 skipped).    ..  ***********
 457    2019-06-14 09:22    30  ***********
 458    2019-06-14 09:23    31  ************
 ...    ..( 25 skipped).    ..  ************
   6    2019-06-14 09:49    31  ************
   7    2019-06-14 09:50    32  *************
 ...    ..( 32 skipped).    ..  *************
  40    2019-06-14 10:23    32  *************
  41    2019-06-14 10:24    33  **************
  42    2019-06-14 10:25    32  *************
  43    2019-06-14 10:26    33  **************
 ...    ..( 30 skipped).    ..  **************
  74    2019-06-14 10:57    33  **************


REPORT-IOCTL: Device=/dev/sda Command=SMART READ LOG InputParameter=224
 Input:   FR=0xd5, SC=0x01, LL=0xe0, LM=0x4f, LH=0xc2, DEV=...., CMD=0xb0 IN
 [ata pass-through(16): 85 08 0e 00 d5 00 01 00 e0 00 4f 00 c2 00 b0 00 ]
  scsi_status=0x0, host_status=0x0, driver_status=0x0
  info=0x0  duration=0 milliseconds  resid=0
  Incoming data, len=512 [only first 256 bytes shown]:
 00     03 00 01 00 00 00 00 00  00 00 00 00 00 00 00 00
 10     05 00 01 00 00 00 00 00  00 00 00 00 00 00 00 00
 20     00 00 00 00 00 00 00 00  00 00 00 00 00 00 00 00
 30     00 00 00 00 00 00 00 00  00 00 00 00 00 00 00 00
 40     00 00 00 00 00 00 00 00  00 00 00 00 00 00 00 00
 50     00 00 00 00 00 00 00 00  00 00 00 00 00 00 00 00
 60     00 00 00 00 00 00 00 00  00 00 00 00 00 00 00 00
 70     00 00 00 00 00 00 00 00  00 00 00 00 00 00 00 00
 80     00 00 00 00 00 00 00 00  00 00 00 00 00 00 00 00
 90     00 00 00 00 00 00 00 00  00 00 00 00 00 00 00 00
 a0     00 00 00 00 00 00 00 00  00 00 00 00 00 00 00 00
 b0     00 00 00 00 00 00 00 00  00 00 00 00 00 00 00 00
 c0     00 00 00 00 00 00 00 00  21 19 25 11 25 4b 00 00
 d0     00 00 00 00 00 00 00 00  00 00 00 00 00 00 00 00
 e0     00 00 00 00 00 00 00 00  00 00 00 00 00 00 00 00
 f0     00 00 00 00 00 00 00 00  00 00 00 00 00 00 00 00
 [Duration: 0,001s]
REPORT-IOCTL: Device=/dev/sda Command=SMART READ LOG returned 0 errno=5 [scsi error badly formed scsi parameters]

===== [SMART READ LOG] DATA START (BASE-16) =====
000-015: 03 00 01 00 00 00 00 00 00 00 00 00 00 00 00 00 |................|
016-031: 05 00 01 00 00 00 00 00 00 00 00 00 00 00 00 00 |................|
032-047: 00 00 00 00 00 00 00 00 00 00 00 00 00 00 00 00 |................|
048-063: 00 00 00 00 00 00 00 00 00 00 00 00 00 00 00 00 |................|
064-079: 00 00 00 00 00 00 00 00 00 00 00 00 00 00 00 00 |................|
080-095: 00 00 00 00 00 00 00 00 00 00 00 00 00 00 00 00 |................|
096-111: 00 00 00 00 00 00 00 00 00 00 00 00 00 00 00 00 |................|
112-127: 00 00 00 00 00 00 00 00 00 00 00 00 00 00 00 00 |................|
128-143: 00 00 00 00 00 00 00 00 00 00 00 00 00 00 00 00 |................|
144-159: 00 00 00 00 00 00 00 00 00 00 00 00 00 00 00 00 |................|
160-175: 00 00 00 00 00 00 00 00 00 00 00 00 00 00 00 00 |................|
176-191: 00 00 00 00 00 00 00 00 00 00 00 00 00 00 00 00 |................|
192-207: 00 00 00 00 00 00 00 00 21 19 25 11 25 4b 00 00 |........!.%.%K..|
208-223: 00 00 00 00 00 00 00 00 00 00 00 00 00 00 00 00 |................|
224-239: 00 00 00 00 00 00 00 00 00 00 00 00 00 00 00 00 |................|
240-255: 00 00 00 00 00 00 00 00 00 00 00 00 00 00 00 00 |................|
256-271: 00 00 00 00 00 00 00 00 00 00 00 00 00 00 00 00 |................|
272-287: 00 00 00 00 00 00 00 00 00 00 00 00 00 00 00 00 |................|
288-303: 00 00 00 00 00 00 00 00 00 00 00 00 00 00 00 00 |................|
304-319: 00 00 00 00 00 00 00 00 00 00 00 00 00 00 00 00 |................|
320-335: 00 00 00 00 00 00 00 00 00 00 00 00 00 00 00 00 |................|
336-351: 00 00 00 00 00 00 00 00 00 00 00 00 00 00 00 00 |................|
352-367: 00 00 00 00 00 00 00 00 00 00 00 00 00 00 00 00 |................|
368-383: 00 00 00 00 00 00 00 00 00 00 00 00 00 00 00 00 |................|
384-399: 00 00 00 00 00 00 00 00 00 00 00 00 00 00 00 00 |................|
400-415: 00 00 00 00 00 00 00 00 00 00 00 00 00 00 00 00 |................|
416-431: 00 00 00 00 00 00 00 00 00 00 00 00 00 00 00 00 |................|
432-447: 00 00 00 00 00 00 00 00 00 00 00 00 00 00 00 00 |................|
448-463: 00 00 00 00 00 00 00 00 00 00 00 00 00 00 00 00 |................|
464-479: 00 00 00 00 00 00 00 00 00 00 00 00 00 00 00 00 |................|
480-495: 00 00 2b 01 00 00 00 00 00 00 00 00 00 00 00 00 |..+.............|
496-511: 00 00 00 00 00 00 00 00 00 00 00 00 00 00 00 00 |................|
===== [SMART READ LOG] DATA END (512 Bytes) =====

 00     03 00 02 00 01 00 00 00  00 00 00 00 00 00 00 00
 10     00 00 00 00 00 00 00 00  00 00 00 00 00 00 00 00
 20     00 00 00 00 00 00 00 00  00 00 00 00 00 00 00 00
 30     00 00 00 00 00 00 00 00  00 00 00 00 00 00 00 00
 40     00 00 00 00 00 00 00 00  00 00 00 00 00 00 00 00
 50     00 00 00 00 00 00 00 00  00 00 00 00 00 00 00 00
 60     00 00 00 00 00 00 00 00  00 00 00 00 00 00 00 00
 70     00 00 00 00 00 00 00 00  00 00 00 00 00 00 00 00
 80     00 00 00 00 00 00 00 00  00 00 00 00 00 00 00 00
 90     00 00 00 00 00 00 00 00  00 00 00 00 00 00 00 00
 a0     00 00 00 00 00 00 00 00  00 00 00 00 00 00 00 00
 b0     00 00 00 00 00 00 00 00  00 00 00 00 00 00 00 00
 c0     00 00 00 00 00 00 00 00  00 00 00 00 00 00 00 00
 d0     00 00 00 00 00 00 00 00  00 00 00 00 00 00 00 00
 e0     00 00 00 00 00 00 00 00  00 00 00 00 00 00 00 00
 f0     00 00 00 00 00 00 00 00  00 00 00 00 00 00 00 00
 [ata pass-through(16): 85 0a 26 00 d6 00 01 00 e0 00 4f 00 c2 00 b0 00 ]
  Outgoing data, len=512 [only first 256 bytes shown]:
  scsi_status=0x2, host_status=0x0, driver_status=0x8
  info=0x1  duration=0 milliseconds  resid=0
  >>> Sense buffer, len=22:
 00     72 01 00 1d 00 00 00 0e  09 0c 00 00 00 50 00 00
 10     00 00 00 00 00 50
  status=2: [desc] sense_key=1 asc=0 ascq=1d
Values from ATA Return Descriptor are:
 00     09 0c 00 00 00 50 00 00  00 00 00 00 00 50

REPORT-IOCTL: Device=/dev/sda Command=SMART READ LOG InputParameter=224
 Input:   FR=0xd5, SC=0x01, LL=0xe0, LM=0x4f, LH=0xc2, DEV=...., CMD=0xb0 IN
 [ata pass-through(16): 85 08 0e 00 d5 00 01 00 e0 00 4f 00 c2 00 b0 00 ]
  scsi_status=0x0, host_status=0x0, driver_status=0x0
  info=0x0  duration=0 milliseconds  resid=0
  Incoming data, len=512 [only first 256 bytes shown]:
 00     03 00 01 00 00 00 00 00  00 00 00 00 00 00 00 00
 10     03 00 02 00 00 00 00 00  00 00 00 00 00 00 00 00
 20     00 00 00 00 00 00 00 00  00 00 00 00 00 00 00 00
 30     00 00 00 00 00 00 00 00  00 00 00 00 00 00 00 00
 40     00 00 00 00 00 00 00 00  00 00 00 00 00 00 00 00
 50     00 00 00 00 00 00 00 00  00 00 00 00 00 00 00 00
 60     00 00 00 00 00 00 00 00  00 00 00 00 00 00 00 00
 70     00 00 00 00 00 00 00 00  00 00 00 00 00 00 00 00
 80     00 00 00 00 00 00 00 00  00 00 00 00 00 00 00 00
 90     00 00 00 00 00 00 00 00  00 00 00 00 00 00 00 00
 a0     00 00 00 00 00 00 00 00  00 00 00 00 00 00 00 00
 b0     00 00 00 00 00 00 00 00  00 00 00 00 00 00 00 00
 c0     00 00 00 00 00 00 00 00  21 19 25 11 25 4b 00 00
 d0     00 00 00 00 00 00 00 00  00 00 00 00 00 00 00 00
 e0     00 00 00 00 00 00 00 00  00 00 00 00 00 00 00 00
 f0     00 00 00 00 00 00 00 00  00 00 00 00 00 00 00 00
REPORT-IOCTL: Device=/dev/sda Command=SMART READ LOG returned 0 errno=5 [scsi error badly formed scsi parameters]

===== [SMART READ LOG] DATA START (BASE-16) =====
000-015: 03 00 01 00 00 00 00 00 00 00 00 00 00 00 00 00 |................|
016-031: 03 00 02 00 00 00 00 00 00 00 00 00 00 00 00 00 |................|
032-047: 00 00 00 00 00 00 00 00 00 00 00 00 00 00 00 00 |................|
048-063: 00 00 00 00 00 00 00 00 00 00 00 00 00 00 00 00 |................|
064-079: 00 00 00 00 00 00 00 00 00 00 00 00 00 00 00 00 |................|
080-095: 00 00 00 00 00 00 00 00 00 00 00 00 00 00 00 00 |................|
096-111: 00 00 00 00 00 00 00 00 00 00 00 00 00 00 00 00 |................|
112-127: 00 00 00 00 00 00 00 00 00 00 00 00 00 00 00 00 |................|
128-143: 00 00 00 00 00 00 00 00 00 00 00 00 00 00 00 00 |................|
144-159: 00 00 00 00 00 00 00 00 00 00 00 00 00 00 00 00 |................|
160-175: 00 00 00 00 00 00 00 00 00 00 00 00 00 00 00 00 |................|
176-191: 00 00 00 00 00 00 00 00 00 00 00 00 00 00 00 00 |................|
192-207: 00 00 00 00 00 00 00 00 21 19 25 11 25 4b 00 00 |........!.%.%K..|
208-223: 00 00 00 00 00 00 00 00 00 00 00 00 00 00 00 00 |................|
224-239: 00 00 00 00 00 00 00 00 00 00 00 00 00 00 00 00 |................|
240-255: 00 00 00 00 00 00 00 00 00 00 00 00 00 00 00 00 |................|
256-271: 00 00 00 00 00 00 00 00 00 00 00 00 00 00 00 00 |................|
272-287: 00 00 00 00 00 00 00 00 00 00 00 00 00 00 00 00 |................|
288-303: 00 00 00 00 00 00 00 00 00 00 00 00 00 00 00 00 |................|
304-319: 00 00 00 00 00 00 00 00 00 00 00 00 00 00 00 00 |................|
320-335: 00 00 00 00 00 00 00 00 00 00 00 00 00 00 00 00 |................|
336-351: 00 00 00 00 00 00 00 00 00 00 00 00 00 00 00 00 |................|
352-367: 00 00 00 00 00 00 00 00 00 00 00 00 00 00 00 00 |................|
368-383: 00 00 00 00 00 00 00 00 00 00 00 00 00 00 00 00 |................|
384-399: 00 00 00 00 00 00 00 00 00 00 00 00 00 00 00 00 |................|
400-415: 00 00 00 00 00 00 00 00 00 00 00 00 00 00 00 00 |................|
416-431: 00 00 00 00 00 00 00 00 00 00 00 00 00 00 00 00 |................|
432-447: 00 00 00 00 00 00 00 00 00 00 00 00 00 00 00 00 |................|
448-463: 00 00 00 00 00 00 00 00 00 00 00 00 00 00 00 00 |................|
464-479: 00 00 00 00 00 00 00 00 00 00 00 00 00 00 00 00 |................|
480-495: 00 00 2b 01 00 00 00 00 00 00 00 00 00 00 00 00 |..+.............|
496-511: 00 00 00 00 00 00 00 00 00 00 00 00 00 00 00 00 |................|
===== [SMART READ LOG] DATA END (512 Bytes) =====


REPORT-IOCTL: Device=/dev/sda Command=SMART READ LOG InputParameter=224
 Input:   FR=0xd5, SC=0x01, LL=0xe0, LM=0x4f, LH=0xc2, DEV=...., CMD=0xb0 IN
 [ata pass-through(16): 85 08 0e 00 d5 00 01 00 e0 00 4f 00 c2 00 b0 00 ]
  scsi_status=0x0, host_status=0x0, driver_status=0x0
  info=0x0  duration=0 milliseconds  resid=0
  Incoming data, len=512 [only first 256 bytes shown]:
 00     03 00 01 00 00 00 00 00  00 00 00 00 00 00 00 00
 10     03 00 02 00 00 00 00 00  00 00 00 00 00 00 00 00
 20     00 00 00 00 00 00 00 00  00 00 00 00 00 00 00 00
 30     00 00 00 00 00 00 00 00  00 00 00 00 00 00 00 00
 40     00 00 00 00 00 00 00 00  00 00 00 00 00 00 00 00
 50     00 00 00 00 00 00 00 00  00 00 00 00 00 00 00 00
 60     00 00 00 00 00 00 00 00  00 00 00 00 00 00 00 00
 70     00 00 00 00 00 00 00 00  00 00 00 00 00 00 00 00
 80     00 00 00 00 00 00 00 00  00 00 00 00 00 00 00 00
 90     00 00 00 00 00 00 00 00  00 00 00 00 00 00 00 00
 a0     00 00 00 00 00 00 00 00  00 00 00 00 00 00 00 00
 b0     00 00 00 00 00 00 00 00  00 00 00 00 00 00 00 00
 c0     00 00 00 00 00 00 00 00  21 19 25 11 25 4b 00 00
 d0     00 00 00 00 00 00 00 00  00 00 00 00 00 00 00 00
 e0     00 00 00 00 00 00 00 00  00 00 00 00 00 00 00 00
 f0     00 00 00 00 00 00 00 00  00 00 00 00 00 00 00 00
REPORT-IOCTL: Device=/dev/sda Command=SMART READ LOG returned 0 errno=5 [scsi error badly formed scsi parameters]

===== [SMART READ LOG] DATA START (BASE-16) =====
000-015: 03 00 01 00 00 00 00 00 00 00 00 00 00 00 00 00 |................|
016-031: 03 00 02 00 00 00 00 00 00 00 00 00 00 00 00 00 |................|
032-047: 00 00 00 00 00 00 00 00 00 00 00 00 00 00 00 00 |................|
048-063: 00 00 00 00 00 00 00 00 00 00 00 00 00 00 00 00 |................|
064-079: 00 00 00 00 00 00 00 00 00 00 00 00 00 00 00 00 |................|
080-095: 00 00 00 00 00 00 00 00 00 00 00 00 00 00 00 00 |................|
096-111: 00 00 00 00 00 00 00 00 00 00 00 00 00 00 00 00 |................|
112-127: 00 00 00 00 00 00 00 00 00 00 00 00 00 00 00 00 |................|
128-143: 00 00 00 00 00 00 00 00 00 00 00 00 00 00 00 00 |................|
144-159: 00 00 00 00 00 00 00 00 00 00 00 00 00 00 00 00 |................|
160-175: 00 00 00 00 00 00 00 00 00 00 00 00 00 00 00 00 |................|
176-191: 00 00 00 00 00 00 00 00 00 00 00 00 00 00 00 00 |................|
192-207: 00 00 00 00 00 00 00 00 21 19 25 11 25 4b 00 00 |........!.%.%K..|
208-223: 00 00 00 00 00 00 00 00 00 00 00 00 00 00 00 00 |................|
224-239: 00 00 00 00 00 00 00 00 00 00 00 00 00 00 00 00 |................|
240-255: 00 00 00 00 00 00 00 00 00 00 00 00 00 00 00 00 |................|
256-271: 00 00 00 00 00 00 00 00 00 00 00 00 00 00 00 00 |................|
272-287: 00 00 00 00 00 00 00 00 00 00 00 00 00 00 00 00 |................|
288-303: 00 00 00 00 00 00 00 00 00 00 00 00 00 00 00 00 |................|
304-319: 00 00 00 00 00 00 00 00 00 00 00 00 00 00 00 00 |................|
320-335: 00 00 00 00 00 00 00 00 00 00 00 00 00 00 00 00 |................|
336-351: 00 00 00 00 00 00 00 00 00 00 00 00 00 00 00 00 |................|
352-367: 00 00 00 00 00 00 00 00 00 00 00 00 00 00 00 00 |................|
368-383: 00 00 00 00 00 00 00 00 00 00 00 00 00 00 00 00 |................|
384-399: 00 00 00 00 00 00 00 00 00 00 00 00 00 00 00 00 |................|
400-415: 00 00 00 00 00 00 00 00 00 00 00 00 00 00 00 00 |................|
416-431: 00 00 00 00 00 00 00 00 00 00 00 00 00 00 00 00 |................|
432-447: 00 00 00 00 00 00 00 00 00 00 00 00 00 00 00 00 |................|
448-463: 00 00 00 00 00 00 00 00 00 00 00 00 00 00 00 00 |................|
464-479: 00 00 00 00 00 00 00 00 00 00 00 00 00 00 00 00 |................|
480-495: 00 00 2b 01 00 00 00 00 00 00 00 00 00 00 00 00 |..+.............|
496-511: 00 00 00 00 00 00 00 00 00 00 00 00 00 00 00 00 |................|
===== [SMART READ LOG] DATA END (512 Bytes) =====

 00     03 00 02 00 02 00 00 00  00 00 00 00 00 00 00 00
 10     00 00 00 00 00 00 00 00  00 00 00 00 00 00 00 00
 20     00 00 00 00 00 00 00 00  00 00 00 00 00 00 00 00
 30     00 00 00 00 00 00 00 00  00 00 00 00 00 00 00 00
 40     00 00 00 00 00 00 00 00  00 00 00 00 00 00 00 00
 50     00 00 00 00 00 00 00 00  00 00 00 00 00 00 00 00
 60     00 00 00 00 00 00 00 00  00 00 00 00 00 00 00 00
 70     00 00 00 00 00 00 00 00  00 00 00 00 00 00 00 00
 80     00 00 00 00 00 00 00 00  00 00 00 00 00 00 00 00
 90     00 00 00 00 00 00 00 00  00 00 00 00 00 00 00 00
 a0     00 00 00 00 00 00 00 00  00 00 00 00 00 00 00 00
 b0     00 00 00 00 00 00 00 00  00 00 00 00 00 00 00 00
 c0     00 00 00 00 00 00 00 00  00 00 00 00 00 00 00 00
 d0     00 00 00 00 00 00 00 00  00 00 00 00 00 00 00 00
 e0     00 00 00 00 00 00 00 00  00 00 00 00 00 00 00 00
 f0     00 00 00 00 00 00 00 00  00 00 00 00 00 00 00 00
 [ata pass-through(16): 85 0a 26 00 d6 00 01 00 e0 00 4f 00 c2 00 b0 00 ]
  Outgoing data, len=512 [only first 256 bytes shown]:
  scsi_status=0x2, host_status=0x0, driver_status=0x8
  info=0x1  duration=0 milliseconds  resid=0
  >>> Sense buffer, len=22:
 00     72 01 00 1d 00 00 00 0e  09 0c 00 00 00 50 00 00
 10     00 00 00 00 00 50
  status=2: [desc] sense_key=1 asc=0 ascq=1d
Values from ATA Return Descriptor are:
 00     09 0c 00 00 00 50 00 00  00 00 00 00 00 50

REPORT-IOCTL: Device=/dev/sda Command=SMART READ LOG InputParameter=224
 Input:   FR=0xd5, SC=0x01, LL=0xe0, LM=0x4f, LH=0xc2, DEV=...., CMD=0xb0 IN
 [ata pass-through(16): 85 08 0e 00 d5 00 01 00 e0 00 4f 00 c2 00 b0 00 ]
  scsi_status=0x0, host_status=0x0, driver_status=0x0
  info=0x0  duration=0 milliseconds  resid=0
  Incoming data, len=512 [only first 256 bytes shown]:
 00     03 00 01 00 00 00 00 00  00 00 00 00 00 00 00 00
 10     03 00 02 00 00 00 00 00  00 00 00 00 00 00 00 00
 20     00 00 00 00 00 00 00 00  00 00 00 00 00 00 00 00
 30     00 00 00 00 00 00 00 00  00 00 00 00 00 00 00 00
 40     00 00 00 00 00 00 00 00  00 00 00 00 00 00 00 00
 50     00 00 00 00 00 00 00 00  00 00 00 00 00 00 00 00
 60     00 00 00 00 00 00 00 00  00 00 00 00 00 00 00 00
 70     00 00 00 00 00 00 00 00  00 00 00 00 00 00 00 00
 80     00 00 00 00 00 00 00 00  00 00 00 00 00 00 00 00
 90     00 00 00 00 00 00 00 00  00 00 00 00 00 00 00 00
 a0     00 00 00 00 00 00 00 00  00 00 00 00 00 00 00 00
 b0     00 00 00 00 00 00 00 00  00 00 00 00 00 00 00 00
 c0     00 00 00 00 00 00 00 00  21 19 25 11 25 4b 00 00
 d0     00 00 00 00 00 00 00 00  00 00 00 00 00 00 00 00
 e0     00 00 00 00 00 00 00 00  00 00 00 00 00 00 00 00
 f0     00 00 00 00 00 00 00 00  00 00 00 00 00 00 00 00
REPORT-IOCTL: Device=/dev/sda Command=SMART READ LOG returned 0 errno=5 [scsi error badly formed scsi parameters]

===== [SMART READ LOG] DATA START (BASE-16) =====
000-015: 03 00 01 00 00 00 00 00 00 00 00 00 00 00 00 00 |................|
016-031: 03 00 02 00 00 00 00 00 00 00 00 00 00 00 00 00 |................|
032-047: 00 00 00 00 00 00 00 00 00 00 00 00 00 00 00 00 |................|
048-063: 00 00 00 00 00 00 00 00 00 00 00 00 00 00 00 00 |................|
064-079: 00 00 00 00 00 00 00 00 00 00 00 00 00 00 00 00 |................|
080-095: 00 00 00 00 00 00 00 00 00 00 00 00 00 00 00 00 |................|
096-111: 00 00 00 00 00 00 00 00 00 00 00 00 00 00 00 00 |................|
112-127: 00 00 00 00 00 00 00 00 00 00 00 00 00 00 00 00 |................|
128-143: 00 00 00 00 00 00 00 00 00 00 00 00 00 00 00 00 |................|
144-159: 00 00 00 00 00 00 00 00 00 00 00 00 00 00 00 00 |................|
160-175: 00 00 00 00 00 00 00 00 00 00 00 00 00 00 00 00 |................|
176-191: 00 00 00 00 00 00 00 00 00 00 00 00 00 00 00 00 |................|
192-207: 00 00 00 00 00 00 00 00 21 19 25 11 25 4b 00 00 |........!.%.%K..|
208-223: 00 00 00 00 00 00 00 00 00 00 00 00 00 00 00 00 |................|
224-239: 00 00 00 00 00 00 00 00 00 00 00 00 00 00 00 00 |................|
240-255: 00 00 00 00 00 00 00 00 00 00 00 00 00 00 00 00 |................|
256-271: 00 00 00 00 00 00 00 00 00 00 00 00 00 00 00 00 |................|
272-287: 00 00 00 00 00 00 00 00 00 00 00 00 00 00 00 00 |................|
288-303: 00 00 00 00 00 00 00 00 00 00 00 00 00 00 00 00 |................|
304-319: 00 00 00 00 00 00 00 00 00 00 00 00 00 00 00 00 |................|
320-335: 00 00 00 00 00 00 00 00 00 00 00 00 00 00 00 00 |................|
336-351: 00 00 00 00 00 00 00 00 00 00 00 00 00 00 00 00 |................|
352-367: 00 00 00 00 00 00 00 00 00 00 00 00 00 00 00 00 |................|
368-383: 00 00 00 00 00 00 00 00 00 00 00 00 00 00 00 00 |................|
384-399: 00 00 00 00 00 00 00 00 00 00 00 00 00 00 00 00 |................|
400-415: 00 00 00 00 00 00 00 00 00 00 00 00 00 00 00 00 |................|
416-431: 00 00 00 00 00 00 00 00 00 00 00 00 00 00 00 00 |................|
432-447: 00 00 00 00 00 00 00 00 00 00 00 00 00 00 00 00 |................|
448-463: 00 00 00 00 00 00 00 00 00 00 00 00 00 00 00 00 |................|
464-479: 00 00 00 00 00 00 00 00 00 00 00 00 00 00 00 00 |................|
480-495: 00 00 2b 01 00 00 00 00 00 00 00 00 00 00 00 00 |..+.............|
496-511: 00 00 00 00 00 00 00 00 00 00 00 00 00 00 00 00 |................|
===== [SMART READ LOG] DATA END (512 Bytes) =====

SCT Error Recovery Control:
           Read:     80 (8,0 seconds)
          Write:     80 (8,0 seconds)

 [ata pass-through(16): 85 09 0e 00 00 00 01 00 04 00 00 00 00 00 2f 00 ]
  scsi_status=0x0, host_status=0x0, driver_status=0x0
  info=0x0  duration=0 milliseconds  resid=0
  Incoming data, len=512 [only first 256 bytes shown]:
 00     01 00 00 00 00 00 00 00  06 00 01 04 05 06 07 00
 10     00 00 00 00 00 00 00 00  00 00 00 00 00 00 00 00
 20     00 00 00 00 00 00 00 00  00 00 00 00 00 00 00 00
 30     00 00 00 00 00 00 00 00  00 00 00 00 00 00 00 00
 40     00 00 00 00 00 00 00 00  00 00 00 00 00 00 00 00
 50     00 00 00 00 00 00 00 00  00 00 00 00 00 00 00 00
 60     00 00 00 00 00 00 00 00  00 00 00 00 00 00 00 00
 70     00 00 00 00 00 00 00 00  00 00 00 00 00 00 00 00
 80     00 00 00 00 00 00 00 00  00 00 00 00 00 00 00 00
 90     00 00 00 00 00 00 00 00  00 00 00 00 00 00 00 00
 a0     00 00 00 00 00 00 00 00  00 00 00 00 00 00 00 00
 b0     00 00 00 00 00 00 00 00  00 00 00 00 00 00 00 00
 c0     00 00 00 00 00 00 00 00  00 00 00 00 00 00 00 00
 d0     00 00 00 00 00 00 00 00  00 00 00 00 00 00 00 00
 e0     00 00 00 00 00 00 00 00  00 00 00 00 00 00 00 00
 f0     00 00 00 00 00 00 00 00  00 00 00 00 00 00 00 00
Device Statistics (GP Log 0x04)
Page  Offset Size        Value Flags Description
 [ata pass-through(16): 85 09 0e 00 00 00 01 00 04 00 01 00 00 00 2f 00 ]
  scsi_status=0x0, host_status=0x0, driver_status=0x0
  info=0x0  duration=0 milliseconds  resid=0
  Incoming data, len=512 [only first 256 bytes shown]:
 00     02 00 01 00 00 00 00 00  1e 00 00 00 00 00 00 c0
 10     ba 0d 00 00 00 00 00 00  c7 e2 54 58 0d 00 00 c0
 20     8f 2a 4e d5 00 00 00 c0  c2 90 ae 6b 0c 00 00 c0
 30     9c e6 19 5e 00 00 00 c0  b3 34 07 f2 00 00 00 c0
 40     00 00 00 00 00 00 00 00  00 00 00 00 00 00 00 00
 50     00 00 00 00 00 00 00 00  00 00 00 00 00 00 00 00
 60     00 00 00 00 00 00 00 00  00 00 00 00 00 00 00 00
 70     00 00 00 00 00 00 00 00  00 00 00 00 00 00 00 00
 80     00 00 00 00 00 00 00 00  00 00 00 00 00 00 00 00
 90     00 00 00 00 00 00 00 00  00 00 00 00 00 00 00 00
 a0     00 00 00 00 00 00 00 00  00 00 00 00 00 00 00 00
 b0     00 00 00 00 00 00 00 00  00 00 00 00 00 00 00 00
 c0     00 00 00 00 00 00 00 00  00 00 00 00 00 00 00 00
 d0     00 00 00 00 00 00 00 00  00 00 00 00 00 00 00 00
 e0     00 00 00 00 00 00 00 00  00 00 00 00 00 00 00 00
 f0     00 00 00 00 00 00 00 00  00 00 00 00 00 00 00 00
0x01  =====  =               =  ===  == General Statistics (rev 2) ==
0x01  0x008  4              30  ---  Lifetime Power-On Resets
0x01  0x018  6     57316532935  ---  Logical Sectors Written
0x01  0x020  6      3578669711  ---  Number of Write Commands
0x01  0x028  6     53346209986  ---  Logical Sectors Read
0x01  0x030  6      1578755740  ---  Number of Read Commands
0x01  0x038  6      4060558515  ---  Date and Time TimeStamp
 [ata pass-through(16): 85 09 0e 00 00 00 01 00 04 00 04 00 00 00 2f 00 ]
  scsi_status=0x0, host_status=0x0, driver_status=0x0
  info=0x0  duration=0 milliseconds  resid=0
  Incoming data, len=512 [only first 256 bytes shown]:
 00     01 00 04 00 00 00 00 00  00 00 00 00 00 00 00 c0
 10     00 00 00 00 00 00 00 c0  00 00 00 00 00 00 00 00
 20     00 00 00 00 00 00 00 00  00 00 00 00 00 00 00 00
 30     00 00 00 00 00 00 00 00  00 00 00 00 00 00 00 00
 40     00 00 00 00 00 00 00 00  00 00 00 00 00 00 00 00
 50     00 00 00 00 00 00 00 00  00 00 00 00 00 00 00 00
 60     00 00 00 00 00 00 00 00  00 00 00 00 00 00 00 00
 70     00 00 00 00 00 00 00 00  00 00 00 00 00 00 00 00
 80     00 00 00 00 00 00 00 00  00 00 00 00 00 00 00 00
 90     00 00 00 00 00 00 00 00  00 00 00 00 00 00 00 00
 a0     00 00 00 00 00 00 00 00  00 00 00 00 00 00 00 00
 b0     00 00 00 00 00 00 00 00  00 00 00 00 00 00 00 00
 c0     00 00 00 00 00 00 00 00  00 00 00 00 00 00 00 00
 d0     00 00 00 00 00 00 00 00  00 00 00 00 00 00 00 00
 e0     00 00 00 00 00 00 00 00  00 00 00 00 00 00 00 00
 f0     00 00 00 00 00 00 00 00  00 00 00 00 00 00 00 00
0x04  =====  =               =  ===  == General Errors Statistics (rev 1) ==
0x04  0x008  4               0  ---  Number of Reported Uncorrectable Errors
0x04  0x010  4               0  ---  Resets Between Cmd Acceptance and Completion
 [ata pass-through(16): 85 09 0e 00 00 00 01 00 04 00 05 00 00 00 2f 00 ]
  scsi_status=0x0, host_status=0x0, driver_status=0x0
  info=0x0  duration=0 milliseconds  resid=0
  Incoming data, len=512 [only first 256 bytes shown]:
 00     01 00 05 00 00 00 00 00  21 00 00 00 00 00 00 c0
 10     1d 00 00 00 00 00 00 c0  1f 00 00 00 00 00 00 c0
 20     25 00 00 00 00 00 00 c0  17 00 00 00 00 00 00 c0
 30     23 00 00 00 00 00 00 c0  1d 00 00 00 00 00 00 c0
 40     21 00 00 00 00 00 00 c0  1f 00 00 00 00 00 00 c0
 50     00 00 00 00 00 00 00 c0  4b 00 00 00 00 00 00 c0
 60     00 00 00 00 00 00 00 c0  00 00 00 00 00 00 00 c0
 70     00 00 00 00 00 00 00 00  00 00 00 00 00 00 00 00
 80     00 00 00 00 00 00 00 00  00 00 00 00 00 00 00 00
 90     00 00 00 00 00 00 00 00  00 00 00 00 00 00 00 00
 a0     00 00 00 00 00 00 00 00  00 00 00 00 00 00 00 00
 b0     00 00 00 00 00 00 00 00  00 00 00 00 00 00 00 00
 c0     00 00 00 00 00 00 00 00  00 00 00 00 00 00 00 00
 d0     00 00 00 00 00 00 00 00  00 00 00 00 00 00 00 00
 e0     00 00 00 00 00 00 00 00  00 00 00 00 00 00 00 00
 f0     00 00 00 00 00 00 00 00  00 00 00 00 00 00 00 00
0x05  =====  =               =  ===  == Temperature Statistics (rev 1) ==
0x05  0x008  1              33  ---  Current Temperature
0x05  0x010  1              29  ---  Average Short Term Temperature
0x05  0x018  1              31  ---  Average Long Term Temperature
0x05  0x020  1              37  ---  Highest Temperature
0x05  0x028  1              23  ---  Lowest Temperature
0x05  0x030  1              35  ---  Highest Average Short Term Temperature
0x05  0x038  1              29  ---  Lowest Average Short Term Temperature
0x05  0x040  1              33  ---  Highest Average Long Term Temperature
0x05  0x048  1              31  ---  Lowest Average Long Term Temperature
0x05  0x050  4               0  ---  Time in Over-Temperature
0x05  0x058  1              75  ---  Specified Maximum Operating Temperature
0x05  0x060  4               0  ---  Time in Under-Temperature
0x05  0x068  1               0  ---  Specified Minimum Operating Temperature
 [ata pass-through(16): 85 09 0e 00 00 00 01 00 04 00 06 00 00 00 2f 00 ]
  scsi_status=0x0, host_status=0x0, driver_status=0x0
  info=0x0  duration=0 milliseconds  resid=0
  Incoming data, len=512 [only first 256 bytes shown]:
 00     01 00 06 00 00 00 00 00  4e 00 00 00 00 00 00 c0
 10     25 00 00 00 00 00 00 c0  00 00 00 00 00 00 00 c0
 20     00 00 00 00 00 00 00 00  00 00 00 00 00 00 00 00
 30     00 00 00 00 00 00 00 00  00 00 00 00 00 00 00 00
 40     00 00 00 00 00 00 00 00  00 00 00 00 00 00 00 00
 50     00 00 00 00 00 00 00 00  00 00 00 00 00 00 00 00
 60     00 00 00 00 00 00 00 00  00 00 00 00 00 00 00 00
 70     00 00 00 00 00 00 00 00  00 00 00 00 00 00 00 00
 80     00 00 00 00 00 00 00 00  00 00 00 00 00 00 00 00
 90     00 00 00 00 00 00 00 00  00 00 00 00 00 00 00 00
 a0     00 00 00 00 00 00 00 00  00 00 00 00 00 00 00 00
 b0     00 00 00 00 00 00 00 00  00 00 00 00 00 00 00 00
 c0     00 00 00 00 00 00 00 00  00 00 00 00 00 00 00 00
 d0     00 00 00 00 00 00 00 00  00 00 00 00 00 00 00 00
 e0     00 00 00 00 00 00 00 00  00 00 00 00 00 00 00 00
 f0     00 00 00 00 00 00 00 00  00 00 00 00 00 00 00 00
0x06  =====  =               =  ===  == Transport Statistics (rev 1) ==
0x06  0x008  4              78  ---  Number of Hardware Resets
0x06  0x010  4              37  ---  Number of ASR Events
0x06  0x018  4               0  ---  Number of Interface CRC Errors
 [ata pass-through(16): 85 09 0e 00 00 00 01 00 04 00 07 00 00 00 2f 00 ]
  scsi_status=0x0, host_status=0x0, driver_status=0x0
  info=0x0  duration=0 milliseconds  resid=0
  Incoming data, len=512 [only first 256 bytes shown]:
 00     01 00 07 00 00 00 00 00  06 00 00 00 00 00 00 c0
 10     00 00 00 00 00 00 00 00  00 00 00 00 00 00 00 00
 20     00 00 00 00 00 00 00 00  00 00 00 00 00 00 00 00
 30     00 00 00 00 00 00 00 00  00 00 00 00 00 00 00 00
 40     00 00 00 00 00 00 00 00  00 00 00 00 00 00 00 00
 50     00 00 00 00 00 00 00 00  00 00 00 00 00 00 00 00
 60     00 00 00 00 00 00 00 00  00 00 00 00 00 00 00 00
 70     00 00 00 00 00 00 00 00  00 00 00 00 00 00 00 00
 80     00 00 00 00 00 00 00 00  00 00 00 00 00 00 00 00
 90     00 00 00 00 00 00 00 00  00 00 00 00 00 00 00 00
 a0     00 00 00 00 00 00 00 00  00 00 00 00 00 00 00 00
 b0     00 00 00 00 00 00 00 00  00 00 00 00 00 00 00 00
 c0     00 00 00 00 00 00 00 00  00 00 00 00 00 00 00 00
 d0     00 00 00 00 00 00 00 00  00 00 00 00 00 00 00 00
 e0     00 00 00 00 00 00 00 00  00 00 00 00 00 00 00 00
 f0     00 00 00 00 00 00 00 00  00 00 00 00 00 00 00 00
0x07  =====  =               =  ===  == Solid State Device Statistics (rev 1) ==
0x07  0x008  1               6  ---  Percentage Used Endurance Indicator
                                |||_ C monitored condition met
                                ||__ D supports DSN
                                |___ N normalized value

 [ata pass-through(16): 85 09 0e 00 00 00 01 00 11 00 00 00 00 00 2f 00 ]
  scsi_status=0x0, host_status=0x0, driver_status=0x0
  info=0x0  duration=0 milliseconds  resid=0
  Incoming data, len=512 [only first 256 bytes shown]:
 00     00 00 00 00 01 20 00 00  00 00 02 20 00 00 00 00
 10     03 20 00 00 00 00 04 20  00 00 00 00 05 20 00 00
 20     00 00 06 20 00 00 00 00  07 20 00 00 00 00 0a 20
 30     30 00 00 00 0b 20 00 00  00 00 0d 20 00 00 00 00
 40     00 20 00 00 00 00 00 00  00 00 00 00 00 00 00 00
 50     00 00 00 00 00 00 00 00  00 00 00 00 00 00 00 00
 60     00 00 00 00 00 00 00 00  00 00 00 00 00 00 00 00
 70     00 00 00 00 00 00 00 00  00 00 00 00 00 00 00 00
 80     00 00 00 00 00 00 00 00  00 00 00 00 00 00 00 00
 90     00 00 00 00 00 00 00 00  00 00 00 00 00 00 00 00
 a0     00 00 00 00 00 00 00 00  00 00 00 00 00 00 00 00
 b0     00 00 00 00 00 00 00 00  00 00 00 00 00 00 00 00
 c0     00 00 00 00 00 00 00 00  00 00 00 00 00 00 00 00
 d0     00 00 00 00 00 00 00 00  00 00 00 00 00 00 00 00
 e0     00 00 00 00 00 00 00 00  00 00 00 00 00 00 00 00
 f0     00 00 00 00 00 00 00 00  00 00 00 00 00 00 00 00
SATA Phy Event Counters (GP Log 0x11)
ID      Size     Value  Description
0x0001  4            0  Command failed due to ICRC error
0x0002  4            0  R_ERR response for data FIS
0x0003  4            0  R_ERR response for device-to-host data FIS
0x0004  4            0  R_ERR response for host-to-device data FIS
0x0005  4            0  R_ERR response for non-data FIS
0x0006  4            0  R_ERR response for device-to-host non-data FIS
0x0007  4            0  R_ERR response for host-to-device non-data FIS
0x000a  4           48  Device-to-host register FISes sent due to a COMRESET
0x000b  4            0  CRC errors within host-to-device FIS
0x000d  4            0  Non-CRC errors within host-to-device FIS
