# smartctl -r ioctl,2 -a /dev/sda
smartctl 6.2 2017-02-27 r4394 [x86_64-linux-3.10.0-693.5.2.el7.x86_64] (local build)
Copyright (C) 2002-13, Bruce Allen, Christian Franke, www.smartmontools.org

 [inquiry: 12 00 00 00 24 00 ]
  scsi_status=0x0, host_status=0x0, driver_status=0x0
  info=0x0  duration=0 milliseconds  resid=0
  Incoming data, len=36:
 00     00 00 05 02 5b 00 00 00  41 54 41 20 20 20 20 20                        
 10     53 53 44 53 43 32 4b 42  30 31 39 54 37 52 20 20                        
 20     44 4c 35 37                                                             
 [ata pass-through(16): 85 08 0e 00 00 00 01 00 00 00 00 00 00 00 ec 00 ]
  scsi_status=0x0, host_status=0x0, driver_status=0x0
  info=0x0  duration=0 milliseconds  resid=0
  Incoming data, len=512 [only first 256 bytes shown]:
 00     40 00 ff 3f 37 c8 10 00  00 00 00 00 3f 00 00 00                        
 10     00 00 00 00 20 20 48 50  53 59 34 37 34 31 31 30                        
 20     30 4b 50 31 44 39 4e 47  00 00 00 00 00 00 43 53                        
 30     31 56 4c 44 37 35 53 53  53 44 32 43 42 4b 31 30                        
 40     54 39 52 37 20 20 20 20  20 20 20 20 20 20 20 20                        
 50     20 20 20 20 20 20 20 20  20 20 20 20 20 20 01 80                        
 60     00 40 00 2f 00 40 00 00  00 00 06 00 ff 3f 10 00                        
 70     3f 00 10 fc fb 00 01 fd  ff ff ff 0f 00 00 07 00                        
 80     03 00 78 00 78 00 78 00  78 00 38 40 00 00 00 00                        
 90     00 00 00 00 00 00 1f 00  0e 95 06 00 40 00 40 00                        
 a0     fc 07 6d 00 69 70 01 74  63 61 49 70 01 b4 63 61                        
 b0     7f 40 00 00 00 00 00 00  00 00 00 00 00 00 00 00                        
 c0     00 00 00 00 00 00 00 00  b0 e2 8f df 00 00 00 00                        
 d0     00 00 04 00 03 60 00 00  cd 55 41 2e 32 4e 5b bb                        
 e0     00 00 00 00 00 00 00 00  00 00 00 00 00 00 5c 41                        
 f0     1c 41 00 00 00 00 00 00  00 00 00 00 00 00 00 00                        

REPORT-IOCTL: Device=/dev/sda Command=IDENTIFY DEVICE
 Input:   FR=...., SC=0x01, LL=...., LM=...., LH=...., DEV=...., CMD=0xec IN
 [ata pass-through(16): 85 08 0e 00 00 00 01 00 00 00 00 00 00 00 ec 00 ]
  scsi_status=0x0, host_status=0x0, driver_status=0x0
  info=0x0  duration=0 milliseconds  resid=0
  Incoming data, len=512 [only first 256 bytes shown]:
 00     40 00 ff 3f 37 c8 10 00  00 00 00 00 3f 00 00 00                        
 10     00 00 00 00 20 20 48 50  53 59 34 37 34 31 31 30                        
 20     30 4b 50 31 44 39 4e 47  00 00 00 00 00 00 43 53                        
 30     31 56 4c 44 37 35 53 53  53 44 32 43 42 4b 31 30                        
 40     54 39 52 37 20 20 20 20  20 20 20 20 20 20 20 20                        
 50     20 20 20 20 20 20 20 20  20 20 20 20 20 20 01 80                        
 60     00 40 00 2f 00 40 00 00  00 00 06 00 ff 3f 10 00                        
 70     3f 00 10 fc fb 00 01 fd  ff ff ff 0f 00 00 07 00                        
 80     03 00 78 00 78 00 78 00  78 00 38 40 00 00 00 00                        
 90     00 00 00 00 00 00 1f 00  0e 95 06 00 40 00 40 00                        
 a0     fc 07 6d 00 69 70 01 74  63 61 49 70 01 b4 63 61                        
 b0     7f 40 00 00 00 00 00 00  00 00 00 00 00 00 00 00                        
 c0     00 00 00 00 00 00 00 00  b0 e2 8f df 00 00 00 00                        
 d0     00 00 04 00 03 60 00 00  cd 55 41 2e 32 4e 5b bb                        
 e0     00 00 00 00 00 00 00 00  00 00 00 00 00 00 5c 41                        
 f0     1c 41 00 00 00 00 00 00  00 00 00 00 00 00 00 00                        
REPORT-IOCTL: Device=/dev/sda Command=IDENTIFY DEVICE returned 0

===== [IDENTIFY DEVICE] DATA START (BASE-16) =====
000-015: 40 00 ff 3f 37 c8 10 00 00 00 00 00 3f 00 00 00 |@..?7.......?...|
016-031: 00 00 00 00 20 20 48 50 53 59 34 37 34 31 31 30 |....  HPSY474110|
032-047: 30 4b 50 31 44 39 4e 47 00 00 00 00 00 00 43 53 |0KP1D9NG......CS|
048-063: 31 56 4c 44 37 35 53 53 53 44 32 43 42 4b 31 30 |1VLD75SSSD2CBK10|
064-079: 54 39 52 37 20 20 20 20 20 20 20 20 20 20 20 20 |T9R7            |
080-095: 20 20 20 20 20 20 20 20 20 20 20 20 20 20 01 80 |              ..|
096-111: 00 40 00 2f 00 40 00 00 00 00 06 00 ff 3f 10 00 |.@./.@.......?..|
112-127: 3f 00 10 fc fb 00 01 fd ff ff ff 0f 00 00 07 00 |?...............|
128-143: 03 00 78 00 78 00 78 00 78 00 38 40 00 00 00 00 |..x.x.x.x.8@....|
144-159: 00 00 00 00 00 00 1f 00 0e 95 06 00 40 00 40 00 |............@.@.|
160-175: fc 07 6d 00 69 70 01 74 63 61 49 70 01 b4 63 61 |..m.ip.tcaIp..ca|
176-191: 7f 40 00 00 00 00 00 00 00 00 00 00 00 00 00 00 |.@..............|
192-207: 00 00 00 00 00 00 00 00 b0 e2 8f df 00 00 00 00 |................|
208-223: 00 00 04 00 03 60 00 00 cd 55 41 2e 32 4e 5b bb |.....`...UA.2N[.|
224-239: 00 00 00 00 00 00 00 00 00 00 00 00 00 00 5c 41 |..............\A|
240-255: 1c 41 00 00 00 00 00 00 00 00 00 00 00 00 00 00 |.A..............|
256-271: 00 00 1c 00 00 00 00 00 00 00 00 00 00 00 00 00 |................|
272-287: 00 00 00 00 00 00 00 00 00 00 00 00 00 00 00 00 |................|
288-303: 00 00 00 00 00 00 00 00 00 00 00 00 00 00 00 00 |................|
304-319: 00 00 00 00 00 00 00 00 00 00 00 00 00 00 00 00 |................|
320-335: 00 00 00 00 00 00 00 00 00 00 00 00 00 00 00 00 |................|
336-351: 03 00 01 00 45 44 4c 4c 74 28 29 6d 00 00 00 00 |....EDLLt()m....|
352-367: 20 20 20 20 20 20 20 20 20 20 20 20 20 20 20 20 |                |
368-383: 20 20 20 20 20 20 20 20 20 20 20 20 20 20 20 20 |                |
384-399: 20 20 20 20 20 20 20 20 20 20 20 20 20 20 20 20 |                |
400-415: 20 20 20 20 20 20 20 20 20 20 20 20 3d 00 00 00 |            =...|
416-431: 00 00 00 40 00 00 00 00 00 00 00 00 00 00 00 00 |...@............|
432-447: 00 00 01 00 00 00 00 00 00 00 00 00 ff 10 00 00 |................|
448-463: 00 00 00 00 00 00 00 00 00 00 00 00 b0 e2 8f df |................|
464-479: 00 00 00 00 01 00 ff ff 00 00 00 00 00 00 00 00 |................|
480-495: 00 00 00 00 00 00 00 00 00 00 00 00 00 00 00 00 |................|
496-511: 00 00 00 00 00 00 00 00 00 00 00 00 00 00 a5 c5 |................|
===== [IDENTIFY DEVICE] DATA END (512 Bytes) =====

=== START OF INFORMATION SECTION ===
Device Model:     SSDSC2KB019T7R
Serial Number:    PHYS741401K01P9DGN
LU WWN Device Id: 5 5cd2e4 14e32bb5b
Add. Product Id:  DELL(tm)
Firmware Version: SCV1DL57
User Capacity:    1,920,383,410,176 bytes [1.92 TB]
Sector Sizes:     512 bytes logical, 4096 bytes physical
Rotation Rate:    Solid State Device
Device is:        Not in smartctl database [for details use: -P showall]
ATA Version is:   ACS-3 (unknown minor revision code: 0x006d)
SATA Version is:  SATA >3.1, 6.0 Gb/s (current: 6.0 Gb/s)
Local Time is:    Tue Aug 21 16:33:22 2018 EDT
SMART support is: Available - device has SMART capability.
SMART support is: Enabled


REPORT-IOCTL: Device=/dev/sda Command=SMART READ ATTRIBUTE VALUES
 Input:   FR=0xd0, SC=0x01, LL=...., LM=0x4f, LH=0xc2, DEV=...., CMD=0xb0 IN
 [ata pass-through(16): 85 08 0e 00 d0 00 01 00 00 00 4f 00 c2 00 b0 00 ]
  scsi_status=0x0, host_status=0x0, driver_status=0x0
  info=0x0  duration=0 milliseconds  resid=0
  Incoming data, len=512 [only first 256 bytes shown]:
 00     01 00 01 0e 00 82 82 ff  ff ff ff 00 00 00 05 33                        
 10     00 64 64 00 00 00 00 00  00 00 09 32 00 64 64 c1                        
 20     02 00 00 00 00 00 0c 32  00 64 64 23 00 00 00 00                        
 30     00 00 0d 1e 00 60 5d ff  ff ff ff a3 3d 00 aa 33                        
 40     00 64 64 00 00 00 00 00  00 00 ae 32 00 64 64 21                        
 50     00 00 00 00 00 00 b3 33  00 64 64 00 00 00 00 00                        
 60     00 00 b4 32 00 64 64 1d  52 00 00 00 00 00 b5 3a                        
 70     00 64 64 00 00 00 00 00  00 00 b6 3a 00 64 64 00                        
 80     00 00 00 00 00 00 b8 32  00 64 64 00 00 00 00 00                        
 90     00 00 c2 22 00 64 64 1a  00 00 00 00 00 00 c3 32                        
 a0     00 64 64 00 00 00 00 00  00 00 c5 12 00 64 64 00                        
 b0     00 00 00 00 00 00 c6 10  00 64 64 00 00 00 00 00                        
 c0     00 00 c7 3e 00 64 64 00  00 00 00 00 00 00 c9 33                        
 d0     00 64 64 37 0a b9 04 a4  00 00 ca 27 00 64 64 00                        
 e0     00 00 00 00 00 00 e1 32  00 64 64 53 3a 00 00 00                        
 f0     00 00 e2 32 00 64 64 00  00 00 00 00 00 00 e3 32                        
REPORT-IOCTL: Device=/dev/sda Command=SMART READ ATTRIBUTE VALUES returned 0

===== [SMART READ ATTRIBUTE VALUES] DATA START (BASE-16) =====
000-015: 01 00 01 0e 00 82 82 ff ff ff ff 00 00 00 05 33 |...............3|
016-031: 00 64 64 00 00 00 00 00 00 00 09 32 00 64 64 c1 |.dd........2.dd.|
032-047: 02 00 00 00 00 00 0c 32 00 64 64 23 00 00 00 00 |.......2.dd#....|
048-063: 00 00 0d 1e 00 60 5d ff ff ff ff a3 3d 00 aa 33 |.....`].....=..3|
064-079: 00 64 64 00 00 00 00 00 00 00 ae 32 00 64 64 21 |.dd........2.dd!|
080-095: 00 00 00 00 00 00 b3 33 00 64 64 00 00 00 00 00 |.......3.dd.....|
096-111: 00 00 b4 32 00 64 64 1d 52 00 00 00 00 00 b5 3a |...2.dd.R......:|
112-127: 00 64 64 00 00 00 00 00 00 00 b6 3a 00 64 64 00 |.dd........:.dd.|
128-143: 00 00 00 00 00 00 b8 32 00 64 64 00 00 00 00 00 |.......2.dd.....|
144-159: 00 00 c2 22 00 64 64 1a 00 00 00 00 00 00 c3 32 |...".dd........2|
160-175: 00 64 64 00 00 00 00 00 00 00 c5 12 00 64 64 00 |.dd..........dd.|
176-191: 00 00 00 00 00 00 c6 10 00 64 64 00 00 00 00 00 |.........dd.....|
192-207: 00 00 c7 3e 00 64 64 00 00 00 00 00 00 00 c9 33 |...>.dd........3|
208-223: 00 64 64 37 0a b9 04 a4 00 00 ca 27 00 64 64 00 |.dd7.......'.dd.|
224-239: 00 00 00 00 00 00 e1 32 00 64 64 53 3a 00 00 00 |.......2.ddS:...|
240-255: 00 00 e2 32 00 64 64 00 00 00 00 00 00 00 e3 32 |...2.dd........2|
256-271: 00 64 64 63 00 00 00 00 00 00 e4 32 00 64 64 6f |.ddc.......2.ddo|
272-287: a4 00 00 00 00 00 e8 33 00 64 64 00 00 00 00 00 |.......3.dd.....|
288-303: 00 00 e9 32 00 64 64 53 3a 00 00 00 00 00 ea 32 |...2.ddS:......2|
304-319: 00 64 64 00 00 00 00 00 00 00 f1 32 00 64 64 53 |.dd........2.ddS|
320-335: 3a 00 00 00 00 00 f2 32 00 64 64 86 9a 24 00 00 |:......2.dd..$..|
336-351: 00 00 f5 32 00 64 64 64 00 00 00 00 00 00 00 00 |...2.ddd........|
352-367: 00 00 00 00 00 00 00 00 00 00 02 00 20 01 00 79 |............ ..y|
368-383: 03 00 01 80 01 3c 3c 00 00 00 00 00 00 00 00 00 |.....<<.........|
384-399: 00 00 00 00 00 00 00 00 00 00 00 00 00 00 00 00 |................|
400-415: 00 00 00 00 00 00 00 00 00 00 00 00 00 00 00 00 |................|
416-431: 00 00 00 00 00 00 00 00 00 00 00 00 00 00 00 00 |................|
432-447: 00 00 00 00 00 00 00 00 00 00 00 00 00 00 00 00 |................|
448-463: 00 00 00 00 00 00 00 00 00 00 00 00 00 00 00 00 |................|
464-479: 00 00 00 00 00 00 00 00 00 00 00 00 00 00 00 00 |................|
480-495: 00 00 00 00 00 00 00 00 00 00 00 00 00 00 00 00 |................|
496-511: 00 00 00 00 00 00 00 00 00 00 00 00 00 00 00 f7 |................|
===== [SMART READ ATTRIBUTE VALUES] DATA END (512 Bytes) =====


REPORT-IOCTL: Device=/dev/sda Command=SMART READ ATTRIBUTE THRESHOLDS
 Input:   FR=0xd1, SC=0x01, LL=0x01, LM=0x4f, LH=0xc2, DEV=...., CMD=0xb0 IN
 [ata pass-through(16): 85 08 0e 00 d1 00 01 00 01 00 4f 00 c2 00 b0 00 ]
  scsi_status=0x0, host_status=0x0, driver_status=0x0
  info=0x0  duration=1 milliseconds  resid=0
  Incoming data, len=512 [only first 256 bytes shown]:
 00     01 00 01 27 00 00 00 00  00 00 00 00 00 00 05 01                        
 10     00 00 00 00 00 00 00 00  00 00 09 00 00 00 00 00                        
 20     00 00 00 00 00 00 0c 00  00 00 00 00 00 00 00 00                        
 30     00 00 0d 00 00 00 00 00  00 00 00 00 00 00 aa 0a                        
 40     00 00 00 00 00 00 00 00  00 00 ae 00 00 00 00 00                        
 50     00 00 00 00 00 00 b3 0a  00 00 00 00 00 00 00 00                        
 60     00 00 b4 00 00 00 00 00  00 00 00 00 00 00 b5 00                        
 70     00 00 00 00 00 00 00 00  00 00 b6 00 00 00 00 00                        
 80     00 00 00 00 00 00 b8 00  00 00 00 00 00 00 00 00                        
 90     00 00 c2 00 00 00 00 00  00 00 00 00 00 00 c3 00                        
 a0     00 00 00 00 00 00 00 00  00 00 c5 00 00 00 00 00                        
 b0     00 00 00 00 00 00 c6 00  00 00 00 00 00 00 00 00                        
 c0     00 00 c7 00 00 00 00 00  00 00 00 00 00 00 c9 0a                        
 d0     00 00 00 00 00 00 00 00  00 00 ca 00 00 00 00 00                        
 e0     00 00 00 00 00 00 e1 00  00 00 00 00 00 00 00 00                        
 f0     00 00 e2 00 00 00 00 00  00 00 00 00 00 00 e3 00                        
REPORT-IOCTL: Device=/dev/sda Command=SMART READ ATTRIBUTE THRESHOLDS returned 0

===== [SMART READ ATTRIBUTE THRESHOLDS] DATA START (BASE-16) =====
000-015: 01 00 01 27 00 00 00 00 00 00 00 00 00 00 05 01 |...'............|
016-031: 00 00 00 00 00 00 00 00 00 00 09 00 00 00 00 00 |................|
032-047: 00 00 00 00 00 00 0c 00 00 00 00 00 00 00 00 00 |................|
048-063: 00 00 0d 00 00 00 00 00 00 00 00 00 00 00 aa 0a |................|
064-079: 00 00 00 00 00 00 00 00 00 00 ae 00 00 00 00 00 |................|
080-095: 00 00 00 00 00 00 b3 0a 00 00 00 00 00 00 00 00 |................|
096-111: 00 00 b4 00 00 00 00 00 00 00 00 00 00 00 b5 00 |................|
112-127: 00 00 00 00 00 00 00 00 00 00 b6 00 00 00 00 00 |................|
128-143: 00 00 00 00 00 00 b8 00 00 00 00 00 00 00 00 00 |................|
144-159: 00 00 c2 00 00 00 00 00 00 00 00 00 00 00 c3 00 |................|
160-175: 00 00 00 00 00 00 00 00 00 00 c5 00 00 00 00 00 |................|
176-191: 00 00 00 00 00 00 c6 00 00 00 00 00 00 00 00 00 |................|
192-207: 00 00 c7 00 00 00 00 00 00 00 00 00 00 00 c9 0a |................|
208-223: 00 00 00 00 00 00 00 00 00 00 ca 00 00 00 00 00 |................|
224-239: 00 00 00 00 00 00 e1 00 00 00 00 00 00 00 00 00 |................|
240-255: 00 00 e2 00 00 00 00 00 00 00 00 00 00 00 e3 00 |................|
256-271: 00 00 00 00 00 00 00 00 00 00 e4 00 00 00 00 00 |................|
272-287: 00 00 00 00 00 00 e8 0a 00 00 00 00 00 00 00 00 |................|
288-303: 00 00 e9 00 00 00 00 00 00 00 00 00 00 00 ea 00 |................|
304-319: 00 00 00 00 00 00 00 00 00 00 f1 00 00 00 00 00 |................|
320-335: 00 00 00 00 00 00 f2 00 00 00 00 00 00 00 00 00 |................|
336-351: 00 00 f5 00 00 00 00 00 00 00 00 00 00 00 00 00 |................|
352-367: 00 00 00 00 00 00 00 00 00 00 00 00 00 00 00 00 |................|
368-383: 00 00 00 00 00 00 00 00 00 00 00 00 00 00 00 00 |................|
384-399: 00 00 00 00 00 00 00 00 00 00 00 00 00 00 00 00 |................|
400-415: 00 00 00 00 00 00 00 00 00 00 00 00 00 00 00 00 |................|
416-431: 00 00 00 00 00 00 00 00 00 00 00 00 00 00 00 00 |................|
432-447: 00 00 00 00 00 00 00 00 00 00 00 00 00 00 00 00 |................|
448-463: 00 00 00 00 00 00 00 00 00 00 00 00 00 00 00 00 |................|
464-479: 00 00 00 00 00 00 00 00 00 00 00 00 00 00 00 00 |................|
480-495: 00 00 00 00 00 00 00 00 00 00 00 00 00 00 00 00 |................|
496-511: 00 00 00 00 00 00 00 00 00 00 00 00 00 00 00 1e |................|
===== [SMART READ ATTRIBUTE THRESHOLDS] DATA END (512 Bytes) =====

=== START OF READ SMART DATA SECTION ===

REPORT-IOCTL: Device=/dev/sda Command=SMART STATUS CHECK
 Input:   FR=0xda, SC=...., LL=...., LM=0x4f, LH=0xc2, DEV=...., CMD=0xb0
 [ata pass-through(16): 85 06 2c 00 da 00 00 00 00 00 4f 00 c2 00 b0 00 ]
  scsi_status=0x2, host_status=0x0, driver_status=0x8
  info=0x1  duration=0 milliseconds  resid=0
  >>> Sense buffer, len=22:
 00     72 01 00 1d 00 00 00 0e  09 0c 00 00 00 00 00 00                        
 10     00 4f 00 c2 00 50                                                       
  status=2: [desc] sense_key=1 asc=0 ascq=1d
Values from ATA Return Descriptor are:
 00     09 0c 00 00 00 00 00 00  00 4f 00 c2 00 50                              
 Output: ERR=0x00, SC=0x00, LL=0x00, LM=0x4f, LH=0xc2, DEV=0x00, STS=0x50
REPORT-IOCTL: Device=/dev/sda Command=SMART STATUS CHECK returned 0
SMART overall-health self-assessment test result: PASSED

General SMART Values:
Offline data collection status:  (0x02)	Offline data collection activity
					was completed without error.
					Auto Offline Data Collection: Disabled.
Self-test execution status:      (   0)	The previous self-test routine completed
					without error or no self-test has ever 
					been run.
Total time to complete Offline 
data collection: 		(  288) seconds.
Offline data collection
capabilities: 			 (0x79) SMART execute Offline immediate.
					No Auto Offline data collection support.
					Suspend Offline collection upon new
					command.
					Offline surface scan supported.
					Self-test supported.
					Conveyance Self-test supported.
					Selective Self-test supported.
SMART capabilities:            (0x0003)	Saves SMART data before entering
					power-saving mode.
					Supports SMART auto save timer.
Error logging capability:        (0x01)	Error logging supported.
					General Purpose Logging supported.
Short self-test routine 
recommended polling time: 	 (   1) minutes.
Extended self-test routine
recommended polling time: 	 (  60) minutes.
Conveyance self-test routine
recommended polling time: 	 (  60) minutes.
SCT capabilities: 	       (0x003d)	SCT Status supported.
					SCT Error Recovery Control supported.
					SCT Feature Control supported.
					SCT Data Table supported.

SMART Attributes Data Structure revision number: 1
Vendor Specific SMART Attributes with Thresholds:
ID# ATTRIBUTE_NAME          FLAG     VALUE WORST THRESH TYPE      UPDATED  WHEN_FAILED RAW_VALUE
  1 Raw_Read_Error_Rate     0x000e   130   130   039    Old_age   Always       -       4294967295
  5 Reallocated_Sector_Ct   0x0033   100   100   001    Pre-fail  Always       -       0
  9 Power_On_Hours          0x0032   100   100   000    Old_age   Always       -       705
 12 Power_Cycle_Count       0x0032   100   100   000    Old_age   Always       -       35
 13 Read_Soft_Error_Rate    0x001e   096   093   000    Old_age   Always       -       67774583930879
170 Unknown_Attribute       0x0033   100   100   010    Pre-fail  Always       -       0
174 Unknown_Attribute       0x0032   100   100   000    Old_age   Always       -       33
179 Used_Rsvd_Blk_Cnt_Tot   0x0033   100   100   010    Pre-fail  Always       -       0
180 Unused_Rsvd_Blk_Cnt_Tot 0x0032   100   100   000    Old_age   Always       -       21021
181 Program_Fail_Cnt_Total  0x003a   100   100   000    Old_age   Always       -       0
182 Erase_Fail_Count_Total  0x003a   100   100   000    Old_age   Always       -       0
184 End-to-End_Error        0x0032   100   100   000    Old_age   Always       -       0
194 Temperature_Celsius     0x0022   100   100   000    Old_age   Always       -       26
195 Hardware_ECC_Recovered  0x0032   100   100   000    Old_age   Always       -       0
197 Current_Pending_Sector  0x0012   100   100   000    Old_age   Always       -       0
198 Offline_Uncorrectable   0x0010   100   100   000    Old_age   Offline      -       0
199 UDMA_CRC_Error_Count    0x003e   100   100   000    Old_age   Always       -       0
201 Unknown_SSD_Attribute   0x0033   100   100   010    Pre-fail  Always       -       704453872183
202 Unknown_SSD_Attribute   0x0027   100   100   000    Pre-fail  Always       -       0
225 Unknown_SSD_Attribute   0x0032   100   100   000    Old_age   Always       -       14931
226 Unknown_SSD_Attribute   0x0032   100   100   000    Old_age   Always       -       0
227 Unknown_SSD_Attribute   0x0032   100   100   000    Old_age   Always       -       99
228 Power-off_Retract_Count 0x0032   100   100   000    Old_age   Always       -       42095
232 Available_Reservd_Space 0x0033   100   100   010    Pre-fail  Always       -       0
233 Media_Wearout_Indicator 0x0032   100   100   000    Old_age   Always       -       14931
234 Unknown_Attribute       0x0032   100   100   000    Old_age   Always       -       0
241 Total_LBAs_Written      0x0032   100   100   000    Old_age   Always       -       14931
242 Total_LBAs_Read         0x0032   100   100   000    Old_age   Always       -       2398854
245 Unknown_Attribute       0x0032   100   100   000    Old_age   Always       -       100


REPORT-IOCTL: Device=/dev/sda Command=SMART READ LOG InputParameter=0
 Input:   FR=0xd5, SC=0x01, LL=0x00, LM=0x4f, LH=0xc2, DEV=...., CMD=0xb0 IN
 [ata pass-through(16): 85 08 0e 00 d5 00 01 00 00 00 4f 00 c2 00 b0 00 ]
  scsi_status=0x0, host_status=0x0, driver_status=0x0
  info=0x0  duration=0 milliseconds  resid=0
  Incoming data, len=512 [only first 256 bytes shown]:
 00     01 00 00 00 08 00 00 00  08 00 00 00 01 00 00 00                        
 10     00 00 00 00 00 00 00 00  00 00 00 00 00 00 00 00                        
 20     00 00 00 00 00 00 00 00  00 00 00 00 00 00 00 00                        
 30     00 00 00 00 00 00 00 00  00 00 00 00 00 00 00 00                        
 40     00 00 00 00 00 00 00 00  00 00 00 00 00 00 00 00                        
 50     00 00 00 00 00 00 00 00  00 00 00 00 00 00 00 00                        
 60     09 00 00 00 00 00 00 00  00 00 00 00 00 00 00 00                        
 70     00 00 00 00 00 00 00 00  00 00 00 00 00 00 00 00                        
 80     00 00 00 00 00 00 00 00  00 00 00 00 00 00 00 00                        
 90     00 00 00 00 00 00 00 00  00 00 00 00 00 00 00 00                        
 a0     00 00 00 00 00 00 00 00  00 00 00 00 00 00 00 00                        
 b0     00 00 00 00 00 00 00 00  00 00 00 00 00 00 00 00                        
 c0     00 00 00 00 00 00 00 00  00 00 00 00 00 00 00 00                        
 d0     00 00 00 00 00 00 00 00  00 00 00 00 00 00 00 00                        
 e0     00 00 00 00 00 00 00 00  00 00 00 00 00 00 00 00                        
 f0     00 00 00 00 00 00 00 00  00 00 00 00 00 00 00 00                        
REPORT-IOCTL: Device=/dev/sda Command=SMART READ LOG returned 0

===== [SMART READ LOG] DATA START (BASE-16) =====
000-015: 01 00 00 00 08 00 00 00 08 00 00 00 01 00 00 00 |................|
016-031: 00 00 00 00 00 00 00 00 00 00 00 00 00 00 00 00 |................|
032-047: 00 00 00 00 00 00 00 00 00 00 00 00 00 00 00 00 |................|
048-063: 00 00 00 00 00 00 00 00 00 00 00 00 00 00 00 00 |................|
064-079: 00 00 00 00 00 00 00 00 00 00 00 00 00 00 00 00 |................|
080-095: 00 00 00 00 00 00 00 00 00 00 00 00 00 00 00 00 |................|
096-111: 09 00 00 00 00 00 00 00 00 00 00 00 00 00 00 00 |................|
112-127: 00 00 00 00 00 00 00 00 00 00 00 00 00 00 00 00 |................|
128-143: 00 00 00 00 00 00 00 00 00 00 00 00 00 00 00 00 |................|
144-159: 00 00 00 00 00 00 00 00 00 00 00 00 00 00 00 00 |................|
160-175: 00 00 00 00 00 00 00 00 00 00 00 00 00 00 00 00 |................|
176-191: 00 00 00 00 00 00 00 00 00 00 00 00 00 00 00 00 |................|
192-207: 00 00 00 00 00 00 00 00 00 00 00 00 00 00 00 00 |................|
208-223: 00 00 00 00 00 00 00 00 00 00 00 00 00 00 00 00 |................|
224-239: 00 00 00 00 00 00 00 00 00 00 00 00 00 00 00 00 |................|
240-255: 00 00 00 00 00 00 00 00 00 00 00 00 00 00 00 00 |................|
256-271: 00 00 00 00 00 00 00 00 00 00 00 00 00 00 00 00 |................|
272-287: 00 00 00 00 00 00 00 00 00 00 00 00 00 00 00 00 |................|
288-303: 00 00 00 00 00 00 00 00 00 00 00 00 00 00 00 00 |................|
304-319: 00 00 01 00 01 00 00 00 00 00 00 00 00 00 00 00 |................|
320-335: 00 00 00 00 00 00 00 00 00 00 00 00 00 00 00 00 |................|
336-351: 00 00 00 00 00 00 00 00 00 00 00 00 00 00 00 00 |................|
352-367: 00 00 00 00 00 00 00 00 00 00 00 00 00 00 00 00 |................|
368-383: 01 00 f0 0c 00 05 00 00 00 00 00 00 00 00 00 00 |................|
384-399: 00 00 00 00 00 00 00 00 00 00 00 00 00 00 00 00 |................|
400-415: 00 00 00 00 00 00 00 00 00 00 00 00 00 00 00 00 |................|
416-431: 00 00 00 00 00 00 00 00 00 00 00 00 00 00 00 00 |................|
432-447: 00 00 00 00 00 00 00 00 00 00 00 00 00 00 00 00 |................|
448-463: 01 00 08 00 00 00 00 00 00 00 00 00 00 00 00 00 |................|
464-479: 00 00 00 00 00 00 00 00 00 00 00 00 00 00 00 00 |................|
480-495: 00 00 00 00 00 00 00 00 00 00 00 00 00 00 00 00 |................|
496-511: 00 00 00 00 00 00 00 00 00 00 00 00 00 00 00 00 |................|
===== [SMART READ LOG] DATA END (512 Bytes) =====

SMART Error Log not supported


REPORT-IOCTL: Device=/dev/sda Command=SMART READ LOG InputParameter=6
 Input:   FR=0xd5, SC=0x01, LL=0x06, LM=0x4f, LH=0xc2, DEV=...., CMD=0xb0 IN
 [ata pass-through(16): 85 08 0e 00 d5 00 01 00 06 00 4f 00 c2 00 b0 00 ]
  scsi_status=0x0, host_status=0x0, driver_status=0x0
  info=0x0  duration=0 milliseconds  resid=0
  Incoming data, len=512 [only first 256 bytes shown]:
 00     01 00 03 00 95 02 8e 00  00 00 00 00 00 00 00 00                        
 10     00 00 00 00 00 00 00 00  00 00 01 00 ac 02 de 00                        
 20     00 00 00 00 00 00 00 00  00 00 00 00 00 00 00 00                        
 30     00 00 03 00 ad 02 3e 00  00 00 00 00 00 00 00 00                        
 40     00 00 00 00 00 00 00 00  00 00 01 00 d6 01 2e 00                        
 50     00 00 00 00 00 00 00 00  00 00 00 00 00 00 00 00                        
 60     00 00 03 00 d7 01 de 00  00 00 00 00 00 00 00 00                        
 70     00 00 00 00 00 00 00 00  00 00 01 00 ed 01 0e 00                        
 80     00 00 00 00 00 00 00 00  00 00 00 00 00 00 00 00                        
 90     00 00 03 00 ef 01 2e 00  00 00 00 00 00 00 00 00                        
 a0     00 00 00 00 00 00 00 00  00 00 01 00 05 02 ce 00                        
 b0     00 00 00 00 00 00 00 00  00 00 00 00 00 00 00 00                        
 c0     00 00 03 00 06 02 9e 00  00 00 00 00 00 00 00 00                        
 d0     00 00 00 00 00 00 00 00  00 00 01 00 1d 02 ce 00                        
 e0     00 00 00 00 00 00 00 00  00 00 00 00 00 00 00 00                        
 f0     00 00 03 00 1e 02 be 00  00 00 00 00 00 00 00 00                        
REPORT-IOCTL: Device=/dev/sda Command=SMART READ LOG returned 0

===== [SMART READ LOG] DATA START (BASE-16) =====
000-015: 01 00 03 00 95 02 8e 00 00 00 00 00 00 00 00 00 |................|
016-031: 00 00 00 00 00 00 00 00 00 00 01 00 ac 02 de 00 |................|
032-047: 00 00 00 00 00 00 00 00 00 00 00 00 00 00 00 00 |................|
048-063: 00 00 03 00 ad 02 3e 00 00 00 00 00 00 00 00 00 |......>.........|
064-079: 00 00 00 00 00 00 00 00 00 00 01 00 d6 01 2e 00 |................|
080-095: 00 00 00 00 00 00 00 00 00 00 00 00 00 00 00 00 |................|
096-111: 00 00 03 00 d7 01 de 00 00 00 00 00 00 00 00 00 |................|
112-127: 00 00 00 00 00 00 00 00 00 00 01 00 ed 01 0e 00 |................|
128-143: 00 00 00 00 00 00 00 00 00 00 00 00 00 00 00 00 |................|
144-159: 00 00 03 00 ef 01 2e 00 00 00 00 00 00 00 00 00 |................|
160-175: 00 00 00 00 00 00 00 00 00 00 01 00 05 02 ce 00 |................|
176-191: 00 00 00 00 00 00 00 00 00 00 00 00 00 00 00 00 |................|
192-207: 00 00 03 00 06 02 9e 00 00 00 00 00 00 00 00 00 |................|
208-223: 00 00 00 00 00 00 00 00 00 00 01 00 1d 02 ce 00 |................|
224-239: 00 00 00 00 00 00 00 00 00 00 00 00 00 00 00 00 |................|
240-255: 00 00 03 00 1e 02 be 00 00 00 00 00 00 00 00 00 |................|
256-271: 00 00 00 00 00 00 00 00 00 00 01 00 35 02 8e 00 |............5...|
272-287: 00 00 00 00 00 00 00 00 00 00 00 00 00 00 00 00 |................|
288-303: 00 00 03 00 36 02 1e 00 00 00 00 00 00 00 00 00 |....6...........|
304-319: 00 00 00 00 00 00 00 00 00 00 02 00 37 02 9e 00 |............7...|
320-335: 00 00 00 00 00 00 00 00 00 00 00 00 00 00 00 00 |................|
336-351: 00 00 01 00 4d 02 9e 00 00 00 00 00 00 00 00 00 |....M...........|
352-367: 00 00 00 00 00 00 00 00 00 00 03 00 4e 02 0e 00 |............N...|
368-383: 00 00 00 00 00 00 00 00 00 00 00 00 00 00 00 00 |................|
384-399: 00 00 01 00 64 02 0e 00 00 00 00 00 00 00 00 00 |....d...........|
400-415: 00 00 00 00 00 00 00 00 00 00 03 00 65 02 6e 00 |............e.n.|
416-431: 00 00 00 00 00 00 00 00 00 00 00 00 00 00 00 00 |................|
432-447: 00 00 01 00 7c 02 5e 00 00 00 00 00 00 00 00 00 |....|.^.........|
448-463: 00 00 00 00 00 00 00 00 00 00 03 00 7d 02 9e 00 |............}...|
464-479: 00 00 00 00 00 00 00 00 00 00 00 00 00 00 00 00 |................|
480-495: 00 00 01 00 94 02 ee 00 00 00 00 00 00 00 00 00 |................|
496-511: 00 00 00 00 00 00 00 00 00 00 00 00 03 00 00 16 |................|
===== [SMART READ LOG] DATA END (512 Bytes) =====

SMART Self-test log structure revision number 1
Num  Test_Description    Status                  Remaining  LifeTime(hours)  LBA_of_first_error
# 1  Conveyance offline  Completed without error       00%       685         -
# 2  Short offline       Completed without error       00%       684         -
# 3  Conveyance offline  Completed without error       00%       661         -
# 4  Short offline       Completed without error       00%       660         -
# 5  Conveyance offline  Completed without error       00%       637         -
# 6  Short offline       Completed without error       00%       636         -
# 7  Conveyance offline  Completed without error       00%       613         -
# 8  Short offline       Completed without error       00%       612         -
# 9  Conveyance offline  Completed without error       00%       590         -
#10  Short offline       Completed without error       00%       589         -
#11  Extended offline    Completed without error       00%       567         -
#12  Conveyance offline  Completed without error       00%       566         -
#13  Short offline       Completed without error       00%       565         -
#14  Conveyance offline  Completed without error       00%       542         -
#15  Short offline       Completed without error       00%       541         -
#16  Conveyance offline  Completed without error       00%       518         -
#17  Short offline       Completed without error       00%       517         -
#18  Conveyance offline  Completed without error       00%       495         -
#19  Short offline       Completed without error       00%       493         -
#20  Conveyance offline  Completed without error       00%       471         -
#21  Short offline       Completed without error       00%       470         -


REPORT-IOCTL: Device=/dev/sda Command=SMART READ LOG InputParameter=9
 Input:   FR=0xd5, SC=0x01, LL=0x09, LM=0x4f, LH=0xc2, DEV=...., CMD=0xb0 IN
 [ata pass-through(16): 85 08 0e 00 d5 00 01 00 09 00 4f 00 c2 00 b0 00 ]
  scsi_status=0x2, host_status=0x0, driver_status=0x8
  info=0x1  duration=10 milliseconds  resid=0
  Incoming data, len=512 [only first 256 bytes shown]:
 00     01 00 03 00 95 02 8e 00  00 00 00 00 00 00 00 00                        
 10     00 00 00 00 00 00 00 00  00 00 01 00 ac 02 de 00                        
 20     00 00 00 00 00 00 00 00  00 00 00 00 00 00 00 00                        
 30     00 00 03 00 ad 02 3e 00  00 00 00 00 00 00 00 00                        
 40     00 00 00 00 00 00 00 00  00 00 01 00 d6 01 2e 00                        
 50     00 00 00 00 00 00 00 00  00 00 00 00 00 00 00 00                        
 60     00 00 03 00 d7 01 de 00  00 00 00 00 00 00 00 00                        
 70     00 00 00 00 00 00 00 00  00 00 01 00 ed 01 0e 00                        
 80     00 00 00 00 00 00 00 00  00 00 00 00 00 00 00 00                        
 90     00 00 03 00 ef 01 2e 00  00 00 00 00 00 00 00 00                        
 a0     00 00 00 00 00 00 00 00  00 00 01 00 05 02 ce 00                        
 b0     00 00 00 00 00 00 00 00  00 00 00 00 00 00 00 00                        
 c0     00 00 03 00 06 02 9e 00  00 00 00 00 00 00 00 00                        
 d0     00 00 00 00 00 00 00 00  00 00 01 00 1d 02 ce 00                        
 e0     00 00 00 00 00 00 00 00  00 00 00 00 00 00 00 00                        
 f0     00 00 03 00 1e 02 be 00  00 00 00 00 00 00 00 00                        
  >>> Sense buffer, len=22:
 00     72 05 21 04 00 00 00 0e  09 0c 00 04 00 00 00 00                        
 10     00 00 00 00 00 51                                                       
  status=2: [desc] sense_key=5 asc=21 ascq=4
sat_device::ata_pass_through: scsi error: badly formed scsi parameters
Values from ATA Return Descriptor are:
 00     09 0c 00 04 00 00 00 00  00 00 00 00 00 51                              
 [Duration: 0.010s]
REPORT-IOCTL: Device=/dev/sda Command=SMART READ LOG returned -1 errno=5 [scsi error badly formed scsi parameters]

===== [SMART READ LOG] DATA START (BASE-16) =====
000-015: 00 00 00 00 00 00 00 00 00 00 00 00 00 00 00 00 |................|
016-031: 00 00 00 00 00 00 00 00 00 00 00 00 00 00 00 00 |................|
032-047: 00 00 00 00 00 00 00 00 00 00 00 00 00 00 00 00 |................|
048-063: 00 00 00 00 00 00 00 00 00 00 00 00 00 00 00 00 |................|
064-079: 00 00 00 00 00 00 00 00 00 00 00 00 00 00 00 00 |................|
080-095: 00 00 00 00 00 00 00 00 00 00 00 00 00 00 00 00 |................|
096-111: 00 00 00 00 00 00 00 00 00 00 00 00 00 00 00 00 |................|
112-127: 00 00 00 00 00 00 00 00 00 00 00 00 00 00 00 00 |................|
128-143: 00 00 00 00 00 00 00 00 00 00 00 00 00 00 00 00 |................|
144-159: 00 00 00 00 00 00 00 00 00 00 00 00 00 00 00 00 |................|
160-175: 00 00 00 00 00 00 00 00 00 00 00 00 00 00 00 00 |................|
176-191: 00 00 00 00 00 00 00 00 00 00 00 00 00 00 00 00 |................|
192-207: 00 00 00 00 00 00 00 00 00 00 00 00 00 00 00 00 |................|
208-223: 00 00 00 00 00 00 00 00 00 00 00 00 00 00 00 00 |................|
224-239: 00 00 00 00 00 00 00 00 00 00 00 00 00 00 00 00 |................|
240-255: 00 00 00 00 00 00 00 00 00 00 00 00 00 00 00 00 |................|
256-271: 00 00 00 00 00 00 00 00 00 00 00 00 00 00 00 00 |................|
272-287: 00 00 00 00 00 00 00 00 00 00 00 00 00 00 00 00 |................|
288-303: 00 00 00 00 00 00 00 00 00 00 00 00 00 00 00 00 |................|
304-319: 00 00 00 00 00 00 00 00 00 00 00 00 00 00 00 00 |................|
320-335: 00 00 00 00 00 00 00 00 00 00 00 00 00 00 00 00 |................|
336-351: 00 00 00 00 00 00 00 00 00 00 00 00 00 00 00 00 |................|
352-367: 00 00 00 00 00 00 00 00 00 00 00 00 00 00 00 00 |................|
368-383: 00 00 00 00 00 00 00 00 00 00 00 00 00 00 00 00 |................|
384-399: 00 00 00 00 00 00 00 00 00 00 00 00 00 00 00 00 |................|
400-415: 00 00 00 00 00 00 00 00 00 00 00 00 00 00 00 00 |................|
416-431: 00 00 00 00 00 00 00 00 00 00 00 00 00 00 00 00 |................|
432-447: 00 00 00 00 00 00 00 00 00 00 00 00 00 00 00 00 |................|
448-463: 00 00 00 00 00 00 00 00 00 00 00 00 00 00 00 00 |................|
464-479: 00 00 00 00 00 00 00 00 00 00 00 00 00 00 00 00 |................|
480-495: 00 00 00 00 00 00 00 00 00 00 00 00 00 00 00 00 |................|
496-511: 00 00 00 00 00 00 00 00 00 00 00 00 00 00 00 00 |................|
===== [SMART READ LOG] DATA END (512 Bytes) =====

Read SMART Selective Self-test Log failed: scsi error badly formed scsi parameters

