----------------------------------------------------------------------------
CrystalDiskInfo 8.12.0 (C) 2008-2021 hiyohiyo
                                Crystal Dew World: https://crystalmark.info/
----------------------------------------------------------------------------

    OS : Windows 10 Professional [10.0 Build 19042] (x64)
  Date : 2021/05/01 18:16:41

----------------------------------------------------------------------------
 (02) Verbatim Vi560 SATA III M.2 SSD
----------------------------------------------------------------------------
           Model : Verbatim Vi560 SATA III M.2 SSD
        Firmware : H190505
   Serial Number : K10548X500143
       Disk Size : 256.0 GB (8.4/137.4/256.0/----)
     Buffer Size : Unknown
     Queue Depth : 32
    # of Sectors : 500118192
   Rotation Rate : ---- (SSD)
       Interface : Serial ATA
   Major Version : ACS-2
   Minor Version : ----
   Transfer Mode : SATA/600 | SATA/600
  Power On Hours : 0 hours
  Power On Count : 5 count
      Host Reads : 0 GB
     Host Writes : 0 GB
     Temperature : 48 C (118 F)
   Health Status : Good (100 %)
        Features : S.M.A.R.T., NCQ, TRIM
       APM Level : ----
       AAM Level : ----
    Drive Letter : Q:

-- S.M.A.R.T. --------------------------------------------------------------
ID Cur Wor Thr RawValues(6) Attribute Name
05 100 100 _50 000000000000 Reallocated Sector Count
09 100 100 __0 000000000000 Power-On Hours
0C 100 100 __0 000000000005 Power Cycle Count
A7 100 100 __0 000000000000 SSD Protect Mode
A8 100 100 __0 000000000000 PHY Error Count
A9 _97 _97 _10 00000060000C Bad Block Count
AB __0 __0 __0 000000000000 Program Fail Count
AC __0 __0 __0 000000000000 Erase Fail Count
AD 200 200 __0 000200030002 Erase Count
AF 100 100 _10 000000000000 Bad Cluster Table Count
B1 100 100 __0 000000000000 Read Retry Count
B4 100 100 __0 000000000DC8 Spare Block Count Left
BB 100 __0 __0 000000000000 Reported UNC Errors
C0 100 100 __0 000000000004 Unexpected Power Loss Count
C2 _48 _48 __0 003000300030 Temperature
C7 100 100 __0 000000000000 UDMA CRC Error Count
CE 200 200 __0 000000000002 Minimum Erase Count
CF 200 200 __0 000000000003 Maximum Erase Count
D0 200 200 __0 000000000002 Average Erase Count
D1 200 200 __0 000000000002 Minimum Erase Count of SLC block
D2 200 200 __0 000000000003 Maximum Erase Count of SLC block
D3 200 200 __0 000000000002 Average Erase Count of SLC block
E7 100 100 __5 000000000000 SSD Life Left
F1 100 100 __0 000000000000 Write Sector Count
F2 100 100 __0 000000000000 Read Sector Count
F5 100 100 __0 000000000000 Bit Error Count

-- IDENTIFY_DEVICE ---------------------------------------------------------
        0    1    2    3    4    5    6    7    8    9
000: 0040 3FFF C837 0010 0000 0000 003F 0000 0000 0000
010: 4B31 3035 3438 5835 3030 3134 3320 2020 2020 2020
020: 0000 0000 0000 4831 3930 3530 3520 5665 7262 6174
030: 696D 2056 6935 3630 2053 4154 4120 4949 4920 4D2E
040: 3220 5353 4420 2020 2020 2020 2020 8010 4000 2F00
050: 4000 0000 0000 0007 3FFF 0010 003F FC10 00FB 0110
060: FFFF 0FFF 0000 0007 0003 0078 0078 0078 0078 4020
070: 0000 0000 0000 0000 0000 001F 850E 0006 0044 0044
080: 03F8 0000 706B 7401 4161 7069 B401 4161 407F 0001
090: 0001 0000 FFFE 0000 0000 0000 0000 0000 0000 0000
100: 32B0 1DCF 0000 0000 0000 0008 4000 0000 5000 0000
110: 0000 0000 0000 0000 0000 0000 0000 0000 0000 401C
120: 401C 0000 0000 0000 0000 0000 0000 0000 0029 0000
130: 0000 0000 0000 0000 0000 0000 0000 0000 0000 0000
140: 0000 0000 0000 0000 0000 0000 0000 0000 0000 0000
150: 0000 0000 0000 0000 0000 0000 0000 0000 0000 0000
160: 0000 0000 0000 0000 0000 0000 0000 0000 0007 0001
170: 0000 0000 0000 0000 0000 0000 0000 0000 0000 0000
180: 0000 0000 0000 0000 0000 0000 0000 0000 0000 0000
190: 0000 0000 0000 0000 0000 0000 0000 0000 0000 0000
200: 0000 0000 0000 0000 0000 0000 0031 0000 0000 4000
210: 0000 0000 0000 0000 0000 0000 0000 0001 0000 0000
220: 0000 0000 10FF 0000 0000 0000 0000 0000 0000 0000
230: 0000 0000 0000 0000 0001 03E8 0000 0000 0000 0000
240: 0000 0000 0000 0000 0000 0000 0000 0000 0000 0000
250: 0000 0000 0000 0000 0000 3AA5

-- SMART_READ_DATA ---------------------------------------------------------
     +0 +1 +2 +3 +4 +5 +6 +7 +8 +9 +A +B +C +D +E +F
000: 13 00 05 13 00 64 64 00 00 00 00 00 00 00 09 12
010: 00 64 64 00 00 00 00 00 00 00 0C 12 00 64 64 05
020: 00 00 00 00 00 00 A7 22 00 64 64 00 00 00 00 00
030: 00 00 A8 12 00 64 64 00 00 00 00 00 00 00 A9 13
040: 00 61 61 0C 00 60 00 00 00 00 AB 32 00 00 00 00
050: 00 00 00 00 00 00 AC 32 00 00 00 00 00 00 00 00
060: 00 00 AD 12 00 C8 C8 02 00 03 00 02 00 00 AF 22
070: 00 64 64 00 00 00 00 00 00 00 B1 12 00 64 64 00
080: 00 00 00 00 00 00 B4 33 00 64 64 C8 0D 00 00 00
090: 00 00 BB 32 00 64 00 00 00 00 00 00 00 00 C0 12
0A0: 00 64 64 04 00 00 00 00 00 00 C2 22 00 30 30 30
0B0: 00 30 00 30 00 00 C7 12 00 64 64 00 00 00 00 00
0C0: 00 00 CE 32 00 C8 C8 02 00 00 00 00 00 00 CF 32
0D0: 00 C8 C8 03 00 00 00 00 00 00 D0 32 00 C8 C8 02
0E0: 00 00 00 00 00 00 D1 32 00 C8 C8 02 00 00 00 00
0F0: 00 00 D2 32 00 C8 C8 03 00 00 00 00 00 00 D3 32
100: 00 C8 C8 02 00 00 00 00 00 00 E7 23 00 64 64 00
110: 00 00 00 00 00 00 F1 32 00 64 64 00 00 00 00 00
120: 00 00 F2 32 00 64 64 00 00 00 00 00 00 00 F5 32
130: 00 64 64 00 00 00 00 00 00 00 00 00 00 00 00 00
140: 00 00 00 00 00 00 00 00 00 00 00 00 00 00 00 00
150: 00 00 00 00 00 00 00 00 00 00 00 00 00 00 00 00
160: 00 00 00 00 00 00 00 00 00 00 00 00 21 00 00 7B
170: 03 00 01 00 02 02 02 00 00 00 00 00 00 00 00 00
180: 00 00 00 00 00 00 00 00 00 00 00 00 00 00 00 00
190: 00 00 00 00 00 00 00 00 00 00 00 00 00 00 00 00
1A0: 00 00 00 00 00 00 00 00 00 00 00 00 00 00 00 00
1B0: 00 00 00 00 00 00 00 00 00 00 00 00 00 00 00 00
1C0: 00 00 00 00 00 00 00 00 00 00 00 00 00 00 00 00
1D0: 00 00 00 00 00 00 00 00 00 00 00 00 00 00 00 00
1E0: 00 00 00 00 00 00 00 00 00 00 00 00 00 00 00 00
1F0: 00 00 00 00 00 00 00 00 00 00 00 00 00 00 00 6A

-- SMART_READ_THRESHOLD ----------------------------------------------------
     +0 +1 +2 +3 +4 +5 +6 +7 +8 +9 +A +B +C +D +E +F
000: 10 00 05 32 00 00 00 00 00 00 00 00 00 00 09 00
010: 00 00 00 00 00 00 00 00 00 00 0C 00 00 00 00 00
020: 00 00 00 00 00 00 A7 00 00 00 00 00 00 00 00 00
030: 00 00 A8 00 00 00 00 00 00 00 00 00 00 00 A9 0A
040: 00 00 00 00 00 00 00 00 00 00 AB 00 00 00 00 00
050: 00 00 00 00 00 00 AC 00 00 00 00 00 00 00 00 00
060: 00 00 AD 00 00 00 00 00 00 00 00 00 00 00 AF 0A
070: 00 00 00 00 00 00 00 00 00 00 B1 00 00 00 00 00
080: 00 00 00 00 00 00 B4 00 00 00 00 00 00 00 00 00
090: 00 00 BB 00 00 00 00 00 00 00 00 00 00 00 C0 00
0A0: 00 00 00 00 00 00 00 00 00 00 C2 00 00 00 00 00
0B0: 00 00 00 00 00 00 C7 00 00 00 00 00 00 00 00 00
0C0: 00 00 CE 00 00 00 00 00 00 00 00 00 00 00 CF 00
0D0: 00 00 00 00 00 00 00 00 00 00 D0 00 00 00 00 00
0E0: 00 00 00 00 00 00 D1 00 00 00 00 00 00 00 00 00
0F0: 00 00 D2 00 00 00 00 00 00 00 00 00 00 00 D3 00
100: 00 00 00 00 00 00 00 00 00 00 E7 05 00 00 00 00
110: 00 00 00 00 00 00 F1 00 00 00 00 00 00 00 00 00
120: 00 00 F2 00 00 00 00 00 00 00 00 00 00 00 F5 00
130: 00 00 00 00 00 00 00 00 00 00 00 00 00 00 00 00
140: 00 00 00 00 00 00 00 00 00 00 00 00 00 00 00 00
150: 00 00 00 00 00 00 00 00 00 00 00 00 00 00 00 00
160: 00 00 00 00 00 00 00 00 00 00 00 00 00 00 00 00
170: 00 00 00 00 00 00 00 00 00 00 00 00 00 00 00 00
180: 00 00 00 00 00 00 00 00 00 00 00 00 00 00 00 00
190: 00 00 00 00 00 00 00 00 00 00 00 00 00 00 00 00
1A0: 00 00 00 00 00 00 00 00 00 00 00 00 00 00 00 00
1B0: 00 00 00 00 00 00 00 00 00 00 00 00 00 00 00 00
1C0: 00 00 00 00 00 00 00 00 00 00 00 00 00 00 00 00
1D0: 00 00 00 00 00 00 00 00 00 00 00 00 00 00 00 00
1E0: 00 00 00 00 00 00 00 00 00 00 00 00 00 00 00 00
1F0: 00 00 00 00 00 00 00 00 00 00 00 00 00 00 00 D5