smartctl 6.3 2014-07-26 r3976 [FreeBSD 9.3-STABLE amd64] (local build)
Copyright (C) 2002-14, Bruce Allen, Christian Franke, www.smartmontools.org


REPORT-IOCTL: Device=/dev/ada0 Command=IDENTIFY DEVICE
 Input:   FR=...., SC=0x01, LL=...., LM=...., LH=...., DEV=...., CMD=0xec IN
 [Duration: 0.002s]
 Output: ERR=0x00, SC=0xf8, LL=0x80, LM=0x10, LH=0x00, DEV=...., STS=....
REPORT-IOCTL: Device=/dev/ada0 Command=IDENTIFY DEVICE returned 0

===== [IDENTIFY DEVICE] DATA START (BASE-16) =====
000-015: 40 00 ff 3f 37 c8 10 00 00 00 00 00 3f 00 00 00 |@..?7.......?...|
016-031: 00 00 00 00 31 53 42 44 53 4e 46 41 33 36 31 38 |....1SBDSNFA3618|
032-047: 32 39 20 46 20 20 20 20 00 00 00 00 00 00 58 45 |29 F    ......XE|
048-063: 30 54 42 42 51 36 61 53 73 6d 6e 75 20 67 53 53 |0TBBQ6aSsmnu gSS|
064-079: 20 44 34 38 20 30 56 45 20 4f 35 32 47 30 20 42 | D48 0VE O52G0 B|
080-095: 20 20 20 20 20 20 20 20 20 20 20 20 20 20 01 80 |              ..|
096-111: 01 40 00 2f 00 40 00 02 00 02 07 00 ff 3f 10 00 |.@./.@.......?..|
112-127: 3f 00 10 fc fb 00 01 01 ff ff ff 0f 00 00 07 00 |?...............|
128-143: 03 00 78 00 78 00 78 00 78 00 10 0f 00 00 00 00 |..x.x.x.x.......|
144-159: 00 00 00 00 00 00 1f 00 0e 85 44 00 6c 00 64 00 |..........D.l.d.|
160-175: fc 03 39 00 6b 74 01 7d 63 41 69 74 01 bc 63 41 |..9.kt.}cAit..cA|
176-191: 7f 40 01 00 04 00 00 00 fe ff 00 00 00 00 00 00 |.@..............|
192-207: 00 00 00 00 00 00 00 00 70 59 1c 1d 00 00 00 00 |........pY......|
208-223: 00 00 08 00 00 40 00 00 02 50 88 53 4d a0 ef f9 |.....@...P.SM...|
224-239: 00 00 00 00 00 00 00 00 00 00 00 00 00 00 1e 40 |...............@|
240-255: 1c 40 00 00 00 00 00 00 00 00 00 00 00 00 00 00 |.@..............|
256-271: 21 00 00 00 00 00 00 00 00 00 00 00 00 00 00 00 |!...............|
272-287: 00 00 00 00 00 00 00 00 00 00 00 00 00 00 00 00 |................|
288-303: 00 00 00 00 00 00 00 00 00 00 00 00 00 00 00 00 |................|
304-319: 00 00 00 00 00 00 00 00 00 00 00 00 00 00 00 00 |................|
320-335: 00 00 00 00 00 00 00 00 00 00 00 00 00 00 00 00 |................|
336-351: 00 00 01 00 00 00 00 00 00 00 00 00 00 00 00 00 |................|
352-367: 00 00 00 00 00 00 00 00 00 00 00 00 00 00 00 00 |................|
368-383: 00 00 00 00 00 00 00 00 00 00 00 00 00 00 00 00 |................|
384-399: 00 00 00 00 00 00 00 00 00 00 00 00 00 00 00 00 |................|
400-415: 00 00 00 00 00 00 00 00 00 00 00 00 3d 00 00 00 |............=...|
416-431: 00 00 00 40 00 00 00 00 00 00 00 00 00 00 00 00 |...@............|
432-447: 00 00 01 00 00 00 00 00 00 00 00 00 7f 10 00 00 |................|
448-463: 00 00 00 00 00 00 00 00 00 00 00 00 00 00 00 00 |................|
464-479: 00 00 00 00 00 00 00 08 00 00 00 00 00 00 00 00 |................|
480-495: 00 00 00 00 00 00 00 40 00 00 00 00 00 00 00 00 |.......@........|
496-511: 00 00 00 00 00 00 00 00 00 00 00 00 00 00 a5 de |................|
===== [IDENTIFY DEVICE] DATA END (512 Bytes) =====

=== START OF INFORMATION SECTION ===
Model Family:     Samsung based SSDs
Device Model:     Samsung SSD 840 EVO 250GB
Serial Number:    S1DBNSAF638192F
LU WWN Device Id: 5 002538 8a04df9ef
Firmware Version: EXT0BB6Q
User Capacity:    250,059,350,016 bytes [250 GB]
Sector Size:      512 bytes logical/physical
Rotation Rate:    Solid State Device
Device is:        In smartctl database [for details use: -P show]
ATA Version is:   ACS-2, ATA8-ACS T13/1699-D revision 4c
SATA Version is:  SATA 3.1, 6.0 Gb/s (current: 3.0 Gb/s)
Local Time is:    Mon Oct 13 21:15:17 2014 PDT
SMART support is: Available - device has SMART capability.
SMART support is: Enabled


REPORT-IOCTL: Device=/dev/ada0 Command=SMART READ ATTRIBUTE VALUES
 Input:   FR=0xd0, SC=0x01, LL=...., LM=0x4f, LH=0xc2, DEV=...., CMD=0xb0 IN
 [Duration: 0.004s]
 Output: ERR=0x00, SC=0xf8, LL=0x80, LM=0x10, LH=0x00, DEV=...., STS=....
REPORT-IOCTL: Device=/dev/ada0 Command=SMART READ ATTRIBUTE VALUES returned 0

===== [SMART READ ATTRIBUTE VALUES] DATA START (BASE-16) =====
000-015: 01 00 05 33 00 64 64 00 00 00 00 00 00 00 09 32 |...3.dd........2|
016-031: 00 63 63 bf 0c 00 00 00 00 00 0c 32 00 63 63 03 |.cc........2.cc.|
032-047: 00 00 00 00 00 00 b1 13 00 64 64 00 00 00 00 00 |.........dd.....|
048-063: 00 00 b3 13 00 64 64 00 00 00 00 00 00 00 b5 32 |.....dd........2|
064-079: 00 64 64 00 00 00 00 00 00 00 b6 32 00 64 64 00 |.dd........2.dd.|
080-095: 00 00 00 00 00 00 b7 13 00 64 64 00 00 00 00 00 |.........dd.....|
096-111: 00 00 bb 32 00 64 64 00 00 00 00 00 00 00 be 32 |...2.dd........2|
112-127: 00 45 3c 1f 00 00 00 00 00 00 c3 1a 00 c8 c8 00 |.E<.............|
128-143: 00 00 00 00 00 00 c7 3e 00 64 64 00 00 00 00 00 |.......>.dd.....|
144-159: 00 00 eb 12 00 63 63 01 00 00 00 00 00 00 f1 32 |.....cc........2|
160-175: 00 63 63 76 08 24 1e 00 00 00 00 00 00 00 00 00 |.ccv.$..........|
176-191: 00 00 00 00 00 00 00 00 00 00 00 00 00 00 00 00 |................|
192-207: 00 00 00 00 00 00 00 00 00 00 00 00 00 00 00 00 |................|
208-223: 00 00 00 00 00 00 00 00 00 00 00 00 00 00 00 00 |................|
224-239: 00 00 00 00 00 00 00 00 00 00 00 00 00 00 00 00 |................|
240-255: 00 00 00 00 00 00 00 00 00 00 00 00 00 00 00 00 |................|
256-271: 00 00 00 00 00 00 00 00 00 00 00 00 00 00 00 00 |................|
272-287: 00 00 00 00 00 00 00 00 00 00 00 00 00 00 00 00 |................|
288-303: 00 00 00 00 00 00 00 00 00 00 00 00 00 00 00 00 |................|
304-319: 00 00 00 00 00 00 00 00 00 00 00 00 00 00 00 00 |................|
320-335: 00 00 00 00 00 00 00 00 00 00 00 00 00 00 00 00 |................|
336-351: 00 00 00 00 00 00 00 00 00 00 00 00 00 00 00 00 |................|
352-367: 00 00 00 00 00 00 00 00 00 00 00 00 c0 12 00 53 |...............S|
368-383: 03 00 01 00 02 50 00 00 00 00 00 00 00 00 00 00 |.....P..........|
384-399: 00 00 00 00 00 00 00 00 00 00 00 00 00 00 00 00 |................|
400-415: 00 00 00 00 00 00 00 00 00 00 00 00 00 00 00 00 |................|
416-431: 00 00 00 00 00 00 00 00 00 00 00 00 00 00 00 00 |................|
432-447: 00 00 00 00 00 00 00 00 00 00 00 00 00 00 00 00 |................|
448-463: 00 00 00 00 00 00 00 00 00 00 00 00 00 00 00 00 |................|
464-479: 00 00 00 00 00 00 00 00 00 00 00 00 00 00 00 00 |................|
480-495: 00 00 00 00 00 00 00 00 00 00 00 00 00 00 00 00 |................|
496-511: 00 00 00 00 00 00 00 00 00 00 00 00 00 00 00 ba |................|
===== [SMART READ ATTRIBUTE VALUES] DATA END (512 Bytes) =====


REPORT-IOCTL: Device=/dev/ada0 Command=SMART READ ATTRIBUTE THRESHOLDS
 Input:   FR=0xd1, SC=0x01, LL=0x01, LM=0x4f, LH=0xc2, DEV=...., CMD=0xb0 IN
 [Duration: 0.003s]
 Output: ERR=0x00, SC=0xf8, LL=0x80, LM=0x10, LH=0x00, DEV=...., STS=....
REPORT-IOCTL: Device=/dev/ada0 Command=SMART READ ATTRIBUTE THRESHOLDS returned 0

===== [SMART READ ATTRIBUTE THRESHOLDS] DATA START (BASE-16) =====
000-015: 01 00 05 0a 00 00 00 00 00 00 00 00 00 00 09 00 |................|
016-031: 00 00 00 00 00 00 00 00 00 00 0c 00 00 00 00 00 |................|
032-047: 00 00 00 00 00 00 b1 00 00 00 00 00 00 00 00 00 |................|
048-063: 00 00 b3 0a 00 00 00 00 00 00 00 00 00 00 b5 0a |................|
064-079: 00 00 00 00 00 00 00 00 00 00 b6 0a 00 00 00 00 |................|
080-095: 00 00 00 00 00 00 b7 0a 00 00 00 00 00 00 00 00 |................|
096-111: 00 00 bb 00 00 00 00 00 00 00 00 00 00 00 be 00 |................|
112-127: 00 00 00 00 00 00 00 00 00 00 c3 00 00 00 00 00 |................|
128-143: 00 00 00 00 00 00 c7 00 00 00 00 00 00 00 00 00 |................|
144-159: 00 00 eb 00 00 00 00 00 00 00 00 00 00 00 f1 00 |................|
160-175: 00 00 00 00 00 00 00 00 00 00 00 00 00 00 00 00 |................|
176-191: 00 00 00 00 00 00 00 00 00 00 00 00 00 00 00 00 |................|
192-207: 00 00 00 00 00 00 00 00 00 00 00 00 00 00 00 00 |................|
208-223: 00 00 00 00 00 00 00 00 00 00 00 00 00 00 00 00 |................|
224-239: 00 00 00 00 00 00 00 00 00 00 00 00 00 00 00 00 |................|
240-255: 00 00 00 00 00 00 00 00 00 00 00 00 00 00 00 00 |................|
256-271: 00 00 00 00 00 00 00 00 00 00 00 00 00 00 00 00 |................|
272-287: 00 00 00 00 00 00 00 00 00 00 00 00 00 00 00 00 |................|
288-303: 00 00 00 00 00 00 00 00 00 00 00 00 00 00 00 00 |................|
304-319: 00 00 00 00 00 00 00 00 00 00 00 00 00 00 00 00 |................|
320-335: 00 00 00 00 00 00 00 00 00 00 00 00 00 00 00 00 |................|
336-351: 00 00 00 00 00 00 00 00 00 00 00 00 00 00 00 00 |................|
352-367: 00 00 00 00 00 00 00 00 00 00 00 00 00 00 00 00 |................|
368-383: 00 00 00 00 00 00 00 00 00 00 00 00 00 00 00 00 |................|
384-399: 00 00 00 00 00 00 00 00 00 00 00 00 00 00 00 00 |................|
400-415: 00 00 00 00 00 00 00 00 00 00 00 00 00 00 00 00 |................|
416-431: 00 00 00 00 00 00 00 00 00 00 00 00 00 00 00 00 |................|
432-447: 00 00 00 00 00 00 00 00 00 00 00 00 00 00 00 00 |................|
448-463: 00 00 00 00 00 00 00 00 00 00 00 00 00 00 00 00 |................|
464-479: 00 00 00 00 00 00 00 00 00 00 00 00 00 00 00 00 |................|
480-495: 00 00 00 00 00 00 00 00 00 00 00 00 00 00 00 00 |................|
496-511: 00 00 00 00 00 00 00 00 00 00 00 00 00 00 00 4e |...............N|
===== [SMART READ ATTRIBUTE THRESHOLDS] DATA END (512 Bytes) =====

=== START OF READ SMART DATA SECTION ===

REPORT-IOCTL: Device=/dev/ada0 Command=SMART STATUS CHECK
 Input:   FR=0xda, SC=...., LL=...., LM=0x4f, LH=0xc2, DEV=...., CMD=0xb0
 [Duration: 0.001s]
 Output: ERR=0x00, SC=0x00, LL=0x00, LM=0x4f, LH=0xc2, DEV=...., STS=....
REPORT-IOCTL: Device=/dev/ada0 Command=SMART STATUS CHECK returned 0
SMART overall-health self-assessment test result: PASSED

General SMART Values:
Offline data collection status:  (0x00)	Offline data collection activity
					was never started.
					Auto Offline Data Collection: Disabled.
Self-test execution status:      (   0)	The previous self-test routine completed
					without error or no self-test has ever 
					been run.
Total time to complete Offline 
data collection: 		( 4800) seconds.
Offline data collection
capabilities: 			 (0x53) SMART execute Offline immediate.
					Auto Offline data collection on/off support.
					Suspend Offline collection upon new
					command.
					No Offline surface scan supported.
					Self-test supported.
					No Conveyance Self-test supported.
					Selective Self-test supported.
SMART capabilities:            (0x0003)	Saves SMART data before entering
					power-saving mode.
					Supports SMART auto save timer.
Error logging capability:        (0x01)	Error logging supported.
					General Purpose Logging supported.
Short self-test routine 
recommended polling time: 	 (   2) minutes.
Extended self-test routine
recommended polling time: 	 (  80) minutes.
SCT capabilities: 	       (0x003d)	SCT Status supported.
					SCT Error Recovery Control supported.
					SCT Feature Control supported.
					SCT Data Table supported.

SMART Attributes Data Structure revision number: 1
Vendor Specific SMART Attributes with Thresholds:
ID# ATTRIBUTE_NAME          FLAG     VALUE WORST THRESH TYPE      UPDATED  WHEN_FAILED RAW_VALUE
  5 Reallocated_Sector_Ct   0x0033   100   100   010    Pre-fail  Always       -       0
  9 Power_On_Hours          0x0032   099   099   000    Old_age   Always       -       3263
 12 Power_Cycle_Count       0x0032   099   099   000    Old_age   Always       -       3
177 Wear_Leveling_Count     0x0013   100   100   000    Pre-fail  Always       -       0
179 Used_Rsvd_Blk_Cnt_Tot   0x0013   100   100   010    Pre-fail  Always       -       0
181 Program_Fail_Cnt_Total  0x0032   100   100   010    Old_age   Always       -       0
182 Erase_Fail_Count_Total  0x0032   100   100   010    Old_age   Always       -       0
183 Runtime_Bad_Block       0x0013   100   100   010    Pre-fail  Always       -       0
187 Uncorrectable_Error_Cnt 0x0032   100   100   000    Old_age   Always       -       0
190 Airflow_Temperature_Cel 0x0032   069   060   000    Old_age   Always       -       31
195 ECC_Error_Rate          0x001a   200   200   000    Old_age   Always       -       0
199 CRC_Error_Count         0x003e   100   100   000    Old_age   Always       -       0
235 POR_Recovery_Count      0x0012   099   099   000    Old_age   Always       -       1
241 Total_LBAs_Written      0x0032   099   099   000    Old_age   Always       -       505677942


REPORT-IOCTL: Device=/dev/ada0 Command=SMART READ LOG InputParameter=0
 Input:   FR=0xd5, SC=0x01, LL=0x00, LM=0x4f, LH=0xc2, DEV=...., CMD=0xb0 IN
 Output: ERR=0x00, SC=0x00, LL=0x00, LM=0x4f, LH=0xc2, DEV=...., STS=....
REPORT-IOCTL: Device=/dev/ada0 Command=SMART READ LOG returned 0

===== [SMART READ LOG] DATA START (BASE-16) =====
000-015: 01 00 01 00 01 00 00 00 00 00 00 00 01 00 00 00 |................|
016-031: 00 00 01 00 00 00 00 00 00 00 00 00 00 00 00 00 |................|
032-047: 00 00 00 00 00 00 00 00 00 00 00 00 00 00 00 00 |................|
048-063: 00 00 00 00 00 00 00 00 00 00 00 00 00 00 00 00 |................|
064-079: 00 00 00 00 00 00 00 00 00 00 00 00 00 00 00 00 |................|
080-095: 00 00 00 00 00 00 00 00 00 00 00 00 00 00 00 00 |................|
096-111: 09 00 00 00 00 00 00 00 00 00 00 00 00 00 00 00 |................|
112-127: 00 00 00 00 00 00 00 00 00 00 00 00 00 00 00 00 |................|
128-143: 00 00 00 00 00 00 00 00 00 00 00 00 00 00 00 00 |................|
144-159: 00 00 00 00 00 00 00 00 00 00 00 00 00 00 00 00 |................|
160-175: 00 00 00 00 00 00 00 00 00 00 00 00 00 00 00 00 |................|
176-191: 00 00 00 00 00 00 00 00 00 00 00 00 00 00 00 00 |................|
192-207: 00 00 00 00 00 00 00 00 00 00 00 00 00 00 00 00 |................|
208-223: 00 00 00 00 00 00 00 00 00 00 00 00 00 00 00 00 |................|
224-239: 00 00 00 00 00 00 00 00 00 00 00 00 00 00 00 00 |................|
240-255: 00 00 00 00 00 00 00 00 00 00 00 00 00 00 00 00 |................|
256-271: 10 00 10 00 10 00 10 00 10 00 10 00 10 00 10 00 |................|
272-287: 10 00 10 00 10 00 10 00 10 00 10 00 10 00 10 00 |................|
288-303: 10 00 10 00 10 00 10 00 10 00 10 00 10 00 10 00 |................|
304-319: 10 00 10 00 10 00 10 00 10 00 10 00 10 00 10 00 |................|
320-335: 00 00 10 00 00 00 00 00 00 00 00 00 00 00 00 00 |................|
336-351: 00 00 00 00 00 00 00 00 00 00 00 00 00 00 00 00 |................|
352-367: 00 00 00 00 00 00 00 00 00 00 00 00 00 00 00 00 |................|
368-383: 00 00 00 00 00 00 00 00 00 00 00 00 00 00 00 00 |................|
384-399: 00 00 00 00 00 00 00 00 00 00 00 00 00 00 00 00 |................|
400-415: 00 00 00 00 00 00 00 00 00 00 00 00 10 00 00 00 |................|
416-431: 00 00 00 00 00 00 00 00 00 00 00 00 00 00 00 00 |................|
432-447: 00 00 00 00 00 00 00 00 00 00 00 00 00 00 00 00 |................|
448-463: 01 00 01 00 00 00 00 00 00 00 00 00 00 00 00 00 |................|
464-479: 00 00 00 00 00 00 00 00 00 00 00 00 00 00 00 00 |................|
480-495: 00 00 00 00 00 00 00 00 00 00 00 00 00 00 00 00 |................|
496-511: 00 00 00 00 00 00 00 00 00 00 00 00 00 00 00 00 |................|
===== [SMART READ LOG] DATA END (512 Bytes) =====


REPORT-IOCTL: Device=/dev/ada0 Command=SMART READ LOG InputParameter=1
 Input:   FR=0xd5, SC=0x01, LL=0x01, LM=0x4f, LH=0xc2, DEV=...., CMD=0xb0 IN
 Output: ERR=0x00, SC=0x00, LL=0x00, LM=0x4f, LH=0xc2, DEV=...., STS=....
REPORT-IOCTL: Device=/dev/ada0 Command=SMART READ LOG returned 0

===== [SMART READ LOG] DATA START (BASE-16) =====
000-015: 01 00 00 00 00 00 00 00 00 00 00 00 00 00 00 00 |................|
016-031: 00 00 00 00 00 00 00 00 00 00 00 00 00 00 00 00 |................|
032-047: 00 00 00 00 00 00 00 00 00 00 00 00 00 00 00 00 |................|
048-063: 00 00 00 00 00 00 00 00 00 00 00 00 00 00 00 00 |................|
064-079: 00 00 00 00 00 00 00 00 00 00 00 00 00 00 00 00 |................|
080-095: 00 00 00 00 00 00 00 00 00 00 00 00 00 00 00 00 |................|
096-111: 00 00 00 00 00 00 00 00 00 00 00 00 00 00 00 00 |................|
112-127: 00 00 00 00 00 00 00 00 00 00 00 00 00 00 00 00 |................|
128-143: 00 00 00 00 00 00 00 00 00 00 00 00 00 00 00 00 |................|
144-159: 00 00 00 00 00 00 00 00 00 00 00 00 00 00 00 00 |................|
160-175: 00 00 00 00 00 00 00 00 00 00 00 00 00 00 00 00 |................|
176-191: 00 00 00 00 00 00 00 00 00 00 00 00 00 00 00 00 |................|
192-207: 00 00 00 00 00 00 00 00 00 00 00 00 00 00 00 00 |................|
208-223: 00 00 00 00 00 00 00 00 00 00 00 00 00 00 00 00 |................|
224-239: 00 00 00 00 00 00 00 00 00 00 00 00 00 00 00 00 |................|
240-255: 00 00 00 00 00 00 00 00 00 00 00 00 00 00 00 00 |................|
256-271: 00 00 00 00 00 00 00 00 00 00 00 00 00 00 00 00 |................|
272-287: 00 00 00 00 00 00 00 00 00 00 00 00 00 00 00 00 |................|
288-303: 00 00 00 00 00 00 00 00 00 00 00 00 00 00 00 00 |................|
304-319: 00 00 00 00 00 00 00 00 00 00 00 00 00 00 00 00 |................|
320-335: 00 00 00 00 00 00 00 00 00 00 00 00 00 00 00 00 |................|
336-351: 00 00 00 00 00 00 00 00 00 00 00 00 00 00 00 00 |................|
352-367: 00 00 00 00 00 00 00 00 00 00 00 00 00 00 00 00 |................|
368-383: 00 00 00 00 00 00 00 00 00 00 00 00 00 00 00 00 |................|
384-399: 00 00 00 00 00 00 00 00 00 00 00 00 00 00 00 00 |................|
400-415: 00 00 00 00 00 00 00 00 00 00 00 00 00 00 00 00 |................|
416-431: 00 00 00 00 00 00 00 00 00 00 00 00 00 00 00 00 |................|
432-447: 00 00 00 00 00 00 00 00 00 00 00 00 00 00 00 00 |................|
448-463: 00 00 00 00 00 00 00 00 00 00 00 00 00 00 00 00 |................|
464-479: 00 00 00 00 00 00 00 00 00 00 00 00 00 00 00 00 |................|
480-495: 00 00 00 00 00 00 00 00 00 00 00 00 00 00 00 00 |................|
496-511: 00 00 00 00 00 00 00 00 00 00 00 00 00 00 00 ff |................|
===== [SMART READ LOG] DATA END (512 Bytes) =====

SMART Error Log Version: 1
No Errors Logged


REPORT-IOCTL: Device=/dev/ada0 Command=SMART READ LOG InputParameter=6
 Input:   FR=0xd5, SC=0x01, LL=0x06, LM=0x4f, LH=0xc2, DEV=...., CMD=0xb0 IN
 Output: ERR=0x00, SC=0x00, LL=0x00, LM=0x4f, LH=0xc2, DEV=...., STS=....
REPORT-IOCTL: Device=/dev/ada0 Command=SMART READ LOG returned 0

===== [SMART READ LOG] DATA START (BASE-16) =====
000-015: 01 00 01 00 c9 0b 00 00 00 00 00 00 00 00 00 00 |................|
016-031: 00 00 00 00 00 00 00 00 00 00 01 00 c9 0b 00 00 |................|
032-047: 00 00 00 00 00 00 00 00 00 00 00 00 00 00 00 00 |................|
048-063: 00 00 00 00 00 00 00 00 00 00 00 00 00 00 00 00 |................|
064-079: 00 00 00 00 00 00 00 00 00 00 00 00 00 00 00 00 |................|
080-095: 00 00 00 00 00 00 00 00 00 00 00 00 00 00 00 00 |................|
096-111: 00 00 00 00 00 00 00 00 00 00 00 00 00 00 00 00 |................|
112-127: 00 00 00 00 00 00 00 00 00 00 00 00 00 00 00 00 |................|
128-143: 00 00 00 00 00 00 00 00 00 00 00 00 00 00 00 00 |................|
144-159: 00 00 00 00 00 00 00 00 00 00 00 00 00 00 00 00 |................|
160-175: 00 00 00 00 00 00 00 00 00 00 00 00 00 00 00 00 |................|
176-191: 00 00 00 00 00 00 00 00 00 00 00 00 00 00 00 00 |................|
192-207: 00 00 00 00 00 00 00 00 00 00 00 00 00 00 00 00 |................|
208-223: 00 00 00 00 00 00 00 00 00 00 00 00 00 00 00 00 |................|
224-239: 00 00 00 00 00 00 00 00 00 00 00 00 00 00 00 00 |................|
240-255: 00 00 00 00 00 00 00 00 00 00 00 00 00 00 00 00 |................|
256-271: 00 00 00 00 00 00 00 00 00 00 00 00 00 00 00 00 |................|
272-287: 00 00 00 00 00 00 00 00 00 00 00 00 00 00 00 00 |................|
288-303: 00 00 00 00 00 00 00 00 00 00 00 00 00 00 00 00 |................|
304-319: 00 00 00 00 00 00 00 00 00 00 00 00 00 00 00 00 |................|
320-335: 00 00 00 00 00 00 00 00 00 00 00 00 00 00 00 00 |................|
336-351: 00 00 00 00 00 00 00 00 00 00 00 00 00 00 00 00 |................|
352-367: 00 00 00 00 00 00 00 00 00 00 00 00 00 00 00 00 |................|
368-383: 00 00 00 00 00 00 00 00 00 00 00 00 00 00 00 00 |................|
384-399: 00 00 00 00 00 00 00 00 00 00 00 00 00 00 00 00 |................|
400-415: 00 00 00 00 00 00 00 00 00 00 00 00 00 00 00 00 |................|
416-431: 00 00 00 00 00 00 00 00 00 00 00 00 00 00 00 00 |................|
432-447: 00 00 00 00 00 00 00 00 00 00 00 00 00 00 00 00 |................|
448-463: 00 00 00 00 00 00 00 00 00 00 00 00 00 00 00 00 |................|
464-479: 00 00 00 00 00 00 00 00 00 00 00 00 00 00 00 00 |................|
480-495: 00 00 00 00 00 00 00 00 00 00 00 00 00 00 00 00 |................|
496-511: 00 00 00 00 00 00 00 00 00 00 00 00 02 00 00 53 |...............S|
===== [SMART READ LOG] DATA END (512 Bytes) =====

SMART Self-test log structure revision number 1
Num  Test_Description    Status                  Remaining  LifeTime(hours)  LBA_of_first_error
# 1  Short offline       Completed without error       00%      3017         -
# 2  Short offline       Completed without error       00%      3017         -


REPORT-IOCTL: Device=/dev/ada0 Command=SMART READ LOG InputParameter=9
 Input:   FR=0xd5, SC=0x01, LL=0x09, LM=0x4f, LH=0xc2, DEV=...., CMD=0xb0 IN
 Output: ERR=0x00, SC=0x00, LL=0x00, LM=0x4f, LH=0xc2, DEV=...., STS=....
REPORT-IOCTL: Device=/dev/ada0 Command=SMART READ LOG returned 0

===== [SMART READ LOG] DATA START (BASE-16) =====
000-015: 01 00 00 00 00 00 00 00 00 00 00 00 00 00 00 00 |................|
016-031: 00 00 00 00 00 00 00 00 00 00 00 00 00 00 00 00 |................|
032-047: 00 00 00 00 00 00 00 00 00 00 00 00 00 00 00 00 |................|
048-063: 00 00 00 00 00 00 00 00 00 00 00 00 00 00 00 00 |................|
064-079: 00 00 00 00 00 00 00 00 00 00 00 00 00 00 00 00 |................|
080-095: 00 00 00 00 00 00 00 00 00 00 00 00 00 00 00 00 |................|
096-111: 00 00 00 00 00 00 00 00 00 00 00 00 00 00 00 00 |................|
112-127: 00 00 00 00 00 00 00 00 00 00 00 00 00 00 00 00 |................|
128-143: 00 00 00 00 00 00 00 00 00 00 00 00 00 00 00 00 |................|
144-159: 00 00 00 00 00 00 00 00 00 00 00 00 00 00 00 00 |................|
160-175: 00 00 00 00 00 00 00 00 00 00 00 00 00 00 00 00 |................|
176-191: 00 00 00 00 00 00 00 00 00 00 00 00 00 00 00 00 |................|
192-207: 00 00 00 00 00 00 00 00 00 00 00 00 00 00 00 00 |................|
208-223: 00 00 00 00 00 00 00 00 00 00 00 00 00 00 00 00 |................|
224-239: 00 00 00 00 00 00 00 00 00 00 00 00 00 00 00 00 |................|
240-255: 00 00 00 00 00 00 00 00 00 00 00 00 00 00 00 00 |................|
256-271: 00 00 00 00 00 00 00 00 00 00 00 00 00 00 00 00 |................|
272-287: 00 00 00 00 00 00 00 00 00 00 00 00 00 00 00 00 |................|
288-303: 00 00 00 00 00 00 00 00 00 00 00 00 00 00 00 00 |................|
304-319: 00 00 00 00 00 00 00 00 00 00 00 00 00 00 00 00 |................|
320-335: 00 00 00 00 00 00 00 00 00 00 00 00 00 00 00 00 |................|
336-351: 00 00 00 00 00 00 00 00 00 00 00 00 00 00 00 00 |................|
352-367: 00 00 00 00 00 00 00 00 00 00 00 00 00 00 00 00 |................|
368-383: 00 00 00 00 00 00 00 00 00 00 00 00 00 00 00 00 |................|
384-399: 00 00 00 00 00 00 00 00 00 00 00 00 00 00 00 00 |................|
400-415: 00 00 00 00 00 00 00 00 00 00 00 00 00 00 00 00 |................|
416-431: 00 00 00 00 00 00 00 00 00 00 00 00 00 00 00 00 |................|
432-447: 00 00 00 00 00 00 00 00 00 00 00 00 00 00 00 00 |................|
448-463: 00 00 00 00 00 00 00 00 00 00 00 00 00 00 00 00 |................|
464-479: 00 00 00 00 00 00 00 00 00 00 00 00 00 00 00 00 |................|
480-495: 00 00 00 00 00 00 00 00 00 00 00 00 00 00 00 00 |................|
496-511: 00 00 00 00 00 00 00 00 00 00 00 00 00 00 00 ff |................|
===== [SMART READ LOG] DATA END (512 Bytes) =====

SMART Selective self-test log data structure revision number 1
 SPAN  MIN_LBA  MAX_LBA  CURRENT_TEST_STATUS
    1        0        0  Not_testing
    2        0        0  Not_testing
    3        0        0  Not_testing
    4        0        0  Not_testing
    5        0        0  Not_testing
Selective self-test flags (0x0):
  After scanning selected spans, do NOT read-scan remainder of disk.
If Selective self-test is pending on power-up, resume after 0 minute delay.

