smartctl 6.3 2014-07-26 r3976 [FreeBSD 9.3-STABLE amd64] (local build)
Copyright (C) 2002-14, Bruce Allen, Christian Franke, www.smartmontools.org


REPORT-IOCTL: Device=/dev/ada1 Command=IDENTIFY DEVICE
 Input:   FR=...., SC=0x01, LL=...., LM=...., LH=...., DEV=...., CMD=0xec IN
 Output: ERR=0x00, SC=0x00, LL=0x00, LM=0x4f, LH=0xc2, DEV=...., STS=....
REPORT-IOCTL: Device=/dev/ada1 Command=IDENTIFY DEVICE returned 0

===== [IDENTIFY DEVICE] DATA START (BASE-16) =====
000-015: 7a 42 ff 3f 37 c8 10 00 00 00 00 00 3f 00 00 00 |zB.?7.......?...|
016-031: 00 00 00 00 20 20 20 20 57 20 2d 44 43 57 31 43 |....    W -DCW1C|
032-047: 30 33 31 35 30 32 31 31 00 00 00 00 00 00 31 30 |03150211......10|
048-063: 30 2e 41 31 31 30 44 57 20 43 44 57 30 33 33 30 |0.A110DW CDW0330|
064-079: 5a 46 58 45 30 2d 5a 30 53 34 30 41 20 20 20 20 |ZFXE0-Z0S40A    |
080-095: 20 20 20 20 20 20 20 20 20 20 20 20 20 20 10 80 |              ..|
096-111: 00 40 00 2f 01 40 00 00 00 00 07 00 ff 3f 10 00 |.@./.@.......?..|
112-127: 3f 00 10 fc fb 00 10 01 ff ff ff 0f 00 00 07 00 |?...............|
128-143: 03 00 78 00 78 00 78 00 78 00 00 00 00 00 00 00 |..x.x.x.x.......|
144-159: 00 00 00 00 00 00 1f 00 0e 97 04 00 44 00 44 00 |............D.D.|
160-175: fe 03 00 00 6b 74 61 75 23 41 69 74 41 b4 23 41 |....ktau#AitA.#A|
176-191: 7f 40 a9 00 a9 00 00 00 fe ff 00 00 00 00 00 00 |.@..............|
192-207: 00 00 00 00 00 00 00 00 b0 a3 50 5d 01 00 00 00 |..........P]....|
208-223: 00 00 00 00 03 60 00 00 01 50 e2 4e 3c b3 0d 8f |.....`...P.N<...|
224-239: 00 00 00 00 00 00 00 00 00 00 00 00 00 00 18 40 |...............@|
240-255: 18 40 00 00 00 00 00 00 00 00 00 00 00 00 00 00 |.@..............|
256-271: 21 00 00 04 01 00 00 00 00 00 00 00 00 00 00 00 |!...............|
272-287: 00 00 00 00 00 00 00 00 00 00 00 00 04 00 00 00 |................|
288-303: 00 00 00 00 00 00 00 00 00 00 00 00 00 00 00 00 |................|
304-319: 00 00 00 00 00 00 00 00 00 00 00 00 00 00 00 00 |................|
320-335: 00 00 00 00 00 00 00 00 00 00 00 00 00 00 00 00 |................|
336-351: 00 00 00 00 00 00 00 00 00 00 00 00 00 00 00 00 |................|
352-367: 00 00 00 00 00 00 00 00 00 00 00 00 00 00 00 00 |................|
368-383: 00 00 00 00 00 00 00 00 00 00 00 00 00 00 00 00 |................|
384-399: 00 00 00 00 00 00 00 00 00 00 00 00 00 00 00 00 |................|
400-415: 00 00 00 00 00 00 00 00 00 00 00 00 35 70 00 00 |............5p..|
416-431: 00 00 00 40 00 00 00 00 00 00 00 00 00 00 00 00 |...@............|
432-447: 00 00 20 1c 00 00 00 00 00 00 00 00 3e 10 00 00 |.. .........>...|
448-463: 00 00 00 00 00 00 00 00 00 00 00 00 00 00 00 00 |................|
464-479: 00 00 00 00 01 00 00 10 00 00 00 00 00 00 00 00 |................|
480-495: 00 00 00 00 00 00 00 00 00 00 00 00 00 00 00 00 |................|
496-511: 00 00 00 00 00 00 00 00 00 00 00 00 00 00 a5 69 |...............i|
===== [IDENTIFY DEVICE] DATA END (512 Bytes) =====

=== START OF INFORMATION SECTION ===
Device Model:     WDC WD3003FZEX-00Z4SA0
Serial Number:    WD-WCC130512011
LU WWN Device Id: 5 0014ee 2b33c8f0d
Firmware Version: 01.01A01
User Capacity:    3,000,592,982,016 bytes [3.00 TB]
Sector Sizes:     512 bytes logical, 4096 bytes physical
Rotation Rate:    7200 rpm
Device is:        Not in smartctl database [for details use: -P showall]
ATA Version is:   ACS-2 (minor revision not indicated)
SATA Version is:  SATA 3.0, 6.0 Gb/s (current: 3.0 Gb/s)
Local Time is:    Mon Oct 13 21:15:21 2014 PDT
SMART support is: Available - device has SMART capability.
SMART support is: Enabled


REPORT-IOCTL: Device=/dev/ada1 Command=SMART READ ATTRIBUTE VALUES
 Input:   FR=0xd0, SC=0x01, LL=...., LM=0x4f, LH=0xc2, DEV=...., CMD=0xb0 IN
 [Duration: 0.003s]
 Output: ERR=0x00, SC=0x00, LL=0x00, LM=0x4f, LH=0xc2, DEV=...., STS=....
REPORT-IOCTL: Device=/dev/ada1 Command=SMART READ ATTRIBUTE VALUES returned 0

===== [SMART READ ATTRIBUTE VALUES] DATA START (BASE-16) =====
000-015: 10 00 01 2f 00 c8 c8 00 00 00 00 00 00 00 03 27 |.../...........'|
016-031: 00 64 fd 00 00 00 00 00 00 00 04 32 00 64 64 04 |.d.........2.dd.|
032-047: 00 00 00 00 00 00 05 33 00 c8 c8 00 00 00 00 00 |.......3........|
048-063: 00 00 07 2e 00 c8 c8 00 00 00 00 00 00 00 09 32 |...............2|
064-079: 00 63 62 85 03 00 00 00 00 00 0a 32 00 64 fd 00 |.cb........2.d..|
080-095: 00 00 00 00 00 00 0b 32 00 64 fd 00 00 00 00 00 |.......2.d......|
096-111: 00 00 0c 32 00 64 64 04 00 00 00 00 00 00 c0 32 |...2.dd........2|
112-127: 00 c8 c8 01 00 00 00 00 00 00 c1 32 00 c8 c8 02 |...........2....|
128-143: 00 00 00 00 00 00 c2 22 00 71 6e 27 00 00 00 00 |.......".qn'....|
144-159: 00 00 c4 32 00 c8 c8 00 00 00 00 00 00 00 c5 32 |...2...........2|
160-175: 00 c8 c8 00 00 00 00 00 00 00 c6 30 00 c8 c8 00 |...........0....|
176-191: 00 00 00 00 00 00 c7 32 00 c8 c8 00 00 00 00 00 |.......2........|
192-207: 00 00 c8 08 00 c8 c8 00 00 00 00 00 00 00 00 00 |................|
208-223: 00 00 00 00 00 00 00 00 00 00 00 00 00 00 00 00 |................|
224-239: 00 00 00 00 00 00 00 00 00 00 00 00 00 00 00 00 |................|
240-255: 00 00 00 00 00 00 00 00 00 00 00 00 00 00 00 00 |................|
256-271: 00 00 00 00 00 00 00 00 00 00 00 00 00 00 00 00 |................|
272-287: 00 00 00 00 00 00 00 00 00 00 00 00 00 00 00 00 |................|
288-303: 00 00 00 00 00 00 00 00 00 00 00 00 00 00 00 00 |................|
304-319: 00 00 00 00 00 00 00 00 00 00 00 00 00 00 00 00 |................|
320-335: 00 00 00 00 00 00 00 00 00 00 00 00 00 00 00 00 |................|
336-351: 00 00 00 00 00 00 00 00 00 00 00 00 00 00 00 00 |................|
352-367: 00 00 00 00 00 00 00 00 00 00 82 00 b0 7c 01 7b |.............|.{|
368-383: 03 00 01 00 02 ff 05 5b 01 00 00 00 00 00 00 00 |.......[........|
384-399: 00 00 01 08 00 00 00 00 00 00 00 00 00 00 00 00 |................|
400-415: 00 00 00 00 00 00 00 00 00 00 00 00 00 00 00 00 |................|
416-431: 00 00 00 00 00 00 00 00 00 00 00 00 00 00 00 00 |................|
432-447: 00 00 00 00 00 00 00 00 00 00 00 00 00 00 00 00 |................|
448-463: 00 00 00 00 00 00 00 00 00 00 00 00 00 00 00 00 |................|
464-479: 00 00 00 00 00 00 00 00 00 00 00 00 00 00 00 00 |................|
480-495: 00 00 00 00 00 00 00 00 00 00 00 00 00 00 00 00 |................|
496-511: 00 00 00 00 00 00 00 00 00 00 00 00 00 00 00 42 |...............B|
===== [SMART READ ATTRIBUTE VALUES] DATA END (512 Bytes) =====


REPORT-IOCTL: Device=/dev/ada1 Command=SMART READ ATTRIBUTE THRESHOLDS
 Input:   FR=0xd1, SC=0x01, LL=0x01, LM=0x4f, LH=0xc2, DEV=...., CMD=0xb0 IN
 [Duration: 0.003s]
 Output: ERR=0x00, SC=0x00, LL=0x00, LM=0x4f, LH=0xc2, DEV=...., STS=....
REPORT-IOCTL: Device=/dev/ada1 Command=SMART READ ATTRIBUTE THRESHOLDS returned 0

===== [SMART READ ATTRIBUTE THRESHOLDS] DATA START (BASE-16) =====
000-015: 10 00 01 33 c8 c8 c8 c8 c8 c8 c8 c8 00 00 03 15 |...3............|
016-031: 00 00 00 00 00 00 00 00 00 00 04 00 00 00 00 00 |................|
032-047: 00 00 00 00 00 00 05 8c 00 00 00 00 00 00 00 00 |................|
048-063: 00 00 07 00 c8 c8 c8 c8 c8 c8 c8 c8 00 00 09 00 |................|
064-079: 00 00 00 00 00 00 00 00 00 00 0a 00 00 00 00 00 |................|
080-095: 00 00 00 00 00 00 0b 00 00 00 00 00 00 00 00 00 |................|
096-111: 00 00 0c 00 00 00 00 00 00 00 00 00 00 00 c0 00 |................|
112-127: 00 00 00 00 00 00 00 00 00 00 c1 00 00 00 00 00 |................|
128-143: 00 00 00 00 00 00 c2 00 00 00 00 00 00 00 00 00 |................|
144-159: 00 00 c4 00 00 00 00 00 00 00 00 00 00 00 c5 00 |................|
160-175: 00 00 00 00 00 00 00 00 00 00 c6 00 00 00 00 00 |................|
176-191: 00 00 00 00 00 00 c7 00 00 00 00 00 00 00 00 00 |................|
192-207: 00 00 c8 00 c8 c8 c8 c8 c8 c8 c8 c8 00 00 00 00 |................|
208-223: 00 00 00 00 00 00 00 00 00 00 00 00 00 00 00 00 |................|
224-239: 00 00 00 00 00 00 00 00 00 00 00 00 00 00 00 00 |................|
240-255: 00 00 00 00 00 00 00 00 00 00 00 00 00 00 00 00 |................|
256-271: 00 00 00 00 00 00 00 00 00 00 00 00 00 00 00 00 |................|
272-287: 00 00 00 00 00 00 00 00 00 00 00 00 00 00 00 00 |................|
288-303: 00 00 00 00 00 00 00 00 00 00 00 00 00 00 00 00 |................|
304-319: 00 00 00 00 00 00 00 00 00 00 00 00 00 00 00 00 |................|
320-335: 00 00 00 00 00 00 00 00 00 00 00 00 00 00 00 00 |................|
336-351: 00 00 00 00 00 00 00 00 00 00 00 00 00 00 00 00 |................|
352-367: 00 00 00 00 00 00 00 00 00 00 00 00 00 00 00 00 |................|
368-383: 00 00 00 00 00 00 00 00 00 00 00 00 00 00 00 00 |................|
384-399: 00 00 00 00 00 00 00 00 00 00 00 00 00 00 00 00 |................|
400-415: 00 00 00 00 00 00 00 00 00 00 00 00 00 00 00 00 |................|
416-431: 00 00 00 00 00 00 00 00 00 00 00 00 00 00 00 00 |................|
432-447: 00 00 00 00 00 00 00 00 00 00 00 00 00 00 00 00 |................|
448-463: 00 00 00 00 00 00 00 00 00 00 00 00 00 00 00 00 |................|
464-479: 00 00 00 00 00 00 00 00 00 00 00 00 00 00 00 00 |................|
480-495: 00 00 00 00 00 00 00 00 00 00 00 00 00 00 00 00 |................|
496-511: 00 00 00 00 00 00 00 00 00 00 00 00 00 00 00 fd |................|
===== [SMART READ ATTRIBUTE THRESHOLDS] DATA END (512 Bytes) =====

=== START OF READ SMART DATA SECTION ===

REPORT-IOCTL: Device=/dev/ada1 Command=SMART STATUS CHECK
 Input:   FR=0xda, SC=...., LL=...., LM=0x4f, LH=0xc2, DEV=...., CMD=0xb0
 [Duration: 0.034s]
 Output: ERR=0x00, SC=0x00, LL=0x00, LM=0x4f, LH=0xc2, DEV=...., STS=....
REPORT-IOCTL: Device=/dev/ada1 Command=SMART STATUS CHECK returned 0
SMART overall-health self-assessment test result: PASSED

General SMART Values:
Offline data collection status:  (0x82)	Offline data collection activity
					was completed without error.
					Auto Offline Data Collection: Enabled.
Self-test execution status:      (   0)	The previous self-test routine completed
					without error or no self-test has ever 
					been run.
Total time to complete Offline 
data collection: 		(31920) seconds.
Offline data collection
capabilities: 			 (0x7b) SMART execute Offline immediate.
					Auto Offline data collection on/off support.
					Suspend Offline collection upon new
					command.
					Offline surface scan supported.
					Self-test supported.
					Conveyance Self-test supported.
					Selective Self-test supported.
SMART capabilities:            (0x0003)	Saves SMART data before entering
					power-saving mode.
					Supports SMART auto save timer.
Error logging capability:        (0x01)	Error logging supported.
					General Purpose Logging supported.
Short self-test routine 
recommended polling time: 	 (   2) minutes.
Extended self-test routine
recommended polling time: 	 ( 347) minutes.
Conveyance self-test routine
recommended polling time: 	 (   5) minutes.
SCT capabilities: 	       (0x7035)	SCT Status supported.
					SCT Feature Control supported.
					SCT Data Table supported.

SMART Attributes Data Structure revision number: 16
Vendor Specific SMART Attributes with Thresholds:
ID# ATTRIBUTE_NAME          FLAG     VALUE WORST THRESH TYPE      UPDATED  WHEN_FAILED RAW_VALUE
  1 Raw_Read_Error_Rate     0x002f   200   200   051    Pre-fail  Always       -       0
  3 Spin_Up_Time            0x0027   100   253   021    Pre-fail  Always       -       0
  4 Start_Stop_Count        0x0032   100   100   000    Old_age   Always       -       4
  5 Reallocated_Sector_Ct   0x0033   200   200   140    Pre-fail  Always       -       0
  7 Seek_Error_Rate         0x002e   200   200   000    Old_age   Always       -       0
  9 Power_On_Hours          0x0032   099   098   000    Old_age   Always       -       901
 10 Spin_Retry_Count        0x0032   100   253   000    Old_age   Always       -       0
 11 Calibration_Retry_Count 0x0032   100   253   000    Old_age   Always       -       0
 12 Power_Cycle_Count       0x0032   100   100   000    Old_age   Always       -       4
192 Power-Off_Retract_Count 0x0032   200   200   000    Old_age   Always       -       1
193 Load_Cycle_Count        0x0032   200   200   000    Old_age   Always       -       2
194 Temperature_Celsius     0x0022   113   110   000    Old_age   Always       -       39
196 Reallocated_Event_Count 0x0032   200   200   000    Old_age   Always       -       0
197 Current_Pending_Sector  0x0032   200   200   000    Old_age   Always       -       0
198 Offline_Uncorrectable   0x0030   200   200   000    Old_age   Offline      -       0
199 UDMA_CRC_Error_Count    0x0032   200   200   000    Old_age   Always       -       0
200 Multi_Zone_Error_Rate   0x0008   200   200   000    Old_age   Offline      -       0


REPORT-IOCTL: Device=/dev/ada1 Command=SMART READ LOG InputParameter=0
 Input:   FR=0xd5, SC=0x01, LL=0x00, LM=0x4f, LH=0xc2, DEV=...., CMD=0xb0 IN
 Output: ERR=0x00, SC=0x00, LL=0x00, LM=0x4f, LH=0xc2, DEV=...., STS=....
REPORT-IOCTL: Device=/dev/ada1 Command=SMART READ LOG returned 0

===== [SMART READ LOG] DATA START (BASE-16) =====
000-015: 01 00 01 00 05 00 00 00 00 00 00 00 01 00 00 00 |................|
016-031: 00 00 01 00 00 00 00 00 00 00 00 00 00 00 00 00 |................|
032-047: 00 00 00 00 00 00 00 00 00 00 00 00 00 00 00 00 |................|
048-063: 00 00 00 00 00 00 00 00 00 00 00 00 00 00 00 00 |................|
064-079: 00 00 00 00 00 00 00 00 00 00 00 00 00 00 00 00 |................|
080-095: 00 00 00 00 00 00 00 00 00 00 00 00 00 00 00 00 |................|
096-111: 00 00 00 00 00 00 00 00 00 00 00 00 00 00 00 00 |................|
112-127: 00 00 00 00 00 00 00 00 00 00 00 00 00 00 00 00 |................|
128-143: 00 00 00 00 00 00 00 00 00 00 00 00 00 00 00 00 |................|
144-159: 00 00 00 00 00 00 00 00 00 00 00 00 00 00 00 00 |................|
160-175: 00 00 00 00 00 00 00 00 00 00 00 00 00 00 00 00 |................|
176-191: 00 00 00 00 00 00 00 00 00 00 00 00 00 00 00 00 |................|
192-207: 00 00 00 00 00 00 00 00 00 00 00 00 00 00 00 00 |................|
208-223: 00 00 00 00 00 00 00 00 00 00 00 00 00 00 00 00 |................|
224-239: 00 00 00 00 00 00 00 00 00 00 00 00 00 00 00 00 |................|
240-255: 00 00 00 00 00 00 00 00 00 00 00 00 00 00 00 00 |................|
256-271: 10 00 10 00 10 00 10 00 10 00 10 00 10 00 10 00 |................|
272-287: 10 00 10 00 10 00 10 00 10 00 10 00 10 00 10 00 |................|
288-303: 10 00 10 00 10 00 10 00 10 00 10 00 10 00 10 00 |................|
304-319: 10 00 10 00 10 00 10 00 10 00 10 00 10 00 10 00 |................|
320-335: 10 00 10 00 10 00 10 00 10 00 10 00 10 00 10 00 |................|
336-351: 01 00 01 00 01 00 01 00 01 00 01 00 01 00 01 00 |................|
352-367: 01 00 01 00 01 00 01 00 01 00 01 00 01 00 01 00 |................|
368-383: 00 00 00 00 00 00 00 00 00 00 01 00 00 00 00 00 |................|
384-399: 01 00 00 00 00 00 00 00 00 00 00 00 00 00 00 00 |................|
400-415: 00 00 00 00 00 00 00 00 00 00 00 00 00 00 00 00 |................|
416-431: 00 00 00 00 00 00 00 00 00 00 00 00 00 00 00 00 |................|
432-447: 00 00 00 00 00 00 00 00 00 00 00 00 00 00 00 00 |................|
448-463: 01 00 01 00 00 00 00 00 00 00 00 00 00 00 00 00 |................|
464-479: 00 00 00 00 00 00 00 00 00 00 00 00 00 00 00 00 |................|
480-495: 00 00 00 00 00 00 00 00 00 00 00 00 00 00 00 00 |................|
496-511: 00 00 00 00 00 00 00 00 00 00 00 00 00 00 00 00 |................|
===== [SMART READ LOG] DATA END (512 Bytes) =====


REPORT-IOCTL: Device=/dev/ada1 Command=SMART READ LOG InputParameter=1
 Input:   FR=0xd5, SC=0x01, LL=0x01, LM=0x4f, LH=0xc2, DEV=...., CMD=0xb0 IN
 Output: ERR=0x00, SC=0x00, LL=0x00, LM=0x4f, LH=0xc2, DEV=...., STS=....
REPORT-IOCTL: Device=/dev/ada1 Command=SMART READ LOG returned 0

===== [SMART READ LOG] DATA START (BASE-16) =====
000-015: 01 00 00 00 00 00 00 00 00 00 00 00 00 00 00 00 |................|
016-031: 00 00 00 00 00 00 00 00 00 00 00 00 00 00 00 00 |................|
032-047: 00 00 00 00 00 00 00 00 00 00 00 00 00 00 00 00 |................|
048-063: 00 00 00 00 00 00 00 00 00 00 00 00 00 00 00 00 |................|
064-079: 00 00 00 00 00 00 00 00 00 00 00 00 00 00 00 00 |................|
080-095: 00 00 00 00 00 00 00 00 00 00 00 00 00 00 00 00 |................|
096-111: 00 00 00 00 00 00 00 00 00 00 00 00 00 00 00 00 |................|
112-127: 00 00 00 00 00 00 00 00 00 00 00 00 00 00 00 00 |................|
128-143: 00 00 00 00 00 00 00 00 00 00 00 00 00 00 00 00 |................|
144-159: 00 00 00 00 00 00 00 00 00 00 00 00 00 00 00 00 |................|
160-175: 00 00 00 00 00 00 00 00 00 00 00 00 00 00 00 00 |................|
176-191: 00 00 00 00 00 00 00 00 00 00 00 00 00 00 00 00 |................|
192-207: 00 00 00 00 00 00 00 00 00 00 00 00 00 00 00 00 |................|
208-223: 00 00 00 00 00 00 00 00 00 00 00 00 00 00 00 00 |................|
224-239: 00 00 00 00 00 00 00 00 00 00 00 00 00 00 00 00 |................|
240-255: 00 00 00 00 00 00 00 00 00 00 00 00 00 00 00 00 |................|
256-271: 00 00 00 00 00 00 00 00 00 00 00 00 00 00 00 00 |................|
272-287: 00 00 00 00 00 00 00 00 00 00 00 00 00 00 00 00 |................|
288-303: 00 00 00 00 00 00 00 00 00 00 00 00 00 00 00 00 |................|
304-319: 00 00 00 00 00 00 00 00 00 00 00 00 00 00 00 00 |................|
320-335: 00 00 00 00 00 00 00 00 00 00 00 00 00 00 00 00 |................|
336-351: 00 00 00 00 00 00 00 00 00 00 00 00 00 00 00 00 |................|
352-367: 00 00 00 00 00 00 00 00 00 00 00 00 00 00 00 00 |................|
368-383: 00 00 00 00 00 00 00 00 00 00 00 00 00 00 00 00 |................|
384-399: 00 00 00 00 00 00 00 00 00 00 00 00 00 00 00 00 |................|
400-415: 00 00 00 00 00 00 00 00 00 00 00 00 00 00 00 00 |................|
416-431: 00 00 00 00 00 00 00 00 00 00 00 00 00 00 00 00 |................|
432-447: 00 00 00 00 00 00 00 00 00 00 00 00 00 00 00 00 |................|
448-463: 00 00 00 00 00 00 00 00 00 00 00 00 00 00 00 00 |................|
464-479: 00 00 00 00 00 00 00 00 00 00 00 00 00 00 00 00 |................|
480-495: 00 00 00 00 00 00 00 00 00 00 00 00 00 00 00 00 |................|
496-511: 00 00 00 00 00 00 00 00 00 00 00 00 00 00 00 ff |................|
===== [SMART READ LOG] DATA END (512 Bytes) =====

SMART Error Log Version: 1
No Errors Logged


REPORT-IOCTL: Device=/dev/ada1 Command=SMART READ LOG InputParameter=6
 Input:   FR=0xd5, SC=0x01, LL=0x06, LM=0x4f, LH=0xc2, DEV=...., CMD=0xb0 IN
 Output: ERR=0x00, SC=0x00, LL=0x00, LM=0x4f, LH=0xc2, DEV=...., STS=....
REPORT-IOCTL: Device=/dev/ada1 Command=SMART READ LOG returned 0

===== [SMART READ LOG] DATA START (BASE-16) =====
000-015: 01 00 01 00 00 00 00 ff ff ff ff ff ff ff ff 00 |................|
016-031: 00 00 00 00 00 00 00 00 00 00 04 29 01 00 6b ff |...........)..k.|
032-047: ff ff ff ff ff ff ff 00 00 00 00 00 00 00 00 00 |................|
048-063: 00 00 04 00 08 00 00 ff ff ff ff ff ff ff ff 00 |................|
064-079: 00 00 00 00 00 00 00 00 00 00 02 00 33 01 00 ff |............3...|
080-095: ff ff ff ff ff ff ff 00 00 00 00 00 00 00 00 00 |................|
096-111: 00 00 04 00 8e 04 00 ff ff ff ff ff ff ff ff 00 |................|
112-127: 00 00 00 00 00 00 00 00 00 00 00 00 00 00 00 00 |................|
128-143: 00 00 00 00 00 00 00 00 00 00 00 00 00 00 00 00 |................|
144-159: 00 00 00 00 00 00 00 00 00 00 00 00 00 00 00 00 |................|
160-175: 00 00 00 00 00 00 00 00 00 00 00 00 00 00 00 00 |................|
176-191: 00 00 00 00 00 00 00 00 00 00 00 00 00 00 00 00 |................|
192-207: 00 00 00 00 00 00 00 00 00 00 00 00 00 00 00 00 |................|
208-223: 00 00 00 00 00 00 00 00 00 00 00 00 00 00 00 00 |................|
224-239: 00 00 00 00 00 00 00 00 00 00 00 00 00 00 00 00 |................|
240-255: 00 00 00 00 00 00 00 00 00 00 00 00 00 00 00 00 |................|
256-271: 00 00 00 00 00 00 00 00 00 00 00 00 00 00 00 00 |................|
272-287: 00 00 00 00 00 00 00 00 00 00 00 00 00 00 00 00 |................|
288-303: 00 00 00 00 00 00 00 00 00 00 00 00 00 00 00 00 |................|
304-319: 00 00 00 00 00 00 00 00 00 00 00 00 00 00 00 00 |................|
320-335: 00 00 00 00 00 00 00 00 00 00 00 00 00 00 00 00 |................|
336-351: 00 00 00 00 00 00 00 00 00 00 00 00 00 00 00 00 |................|
352-367: 00 00 00 00 00 00 00 00 00 00 00 00 00 00 00 00 |................|
368-383: 00 00 00 00 00 00 00 00 00 00 00 00 00 00 00 00 |................|
384-399: 00 00 00 00 00 00 00 00 00 00 00 00 00 00 00 00 |................|
400-415: 00 00 00 00 00 00 00 00 00 00 00 00 00 00 00 00 |................|
416-431: 00 00 00 00 00 00 00 00 00 00 00 00 00 00 00 00 |................|
432-447: 00 00 00 00 00 00 00 00 00 00 00 00 00 00 00 00 |................|
448-463: 00 00 00 00 00 00 00 00 00 00 00 00 00 00 00 00 |................|
464-479: 00 00 00 00 00 00 00 00 00 00 00 00 00 00 00 00 |................|
480-495: 00 00 00 00 00 00 00 00 00 00 00 00 00 00 00 00 |................|
496-511: 00 00 00 00 00 00 00 00 00 00 00 00 05 00 00 b0 |................|
===== [SMART READ LOG] DATA END (512 Bytes) =====

SMART Self-test log structure revision number 1
Num  Test_Description    Status                  Remaining  LifeTime(hours)  LBA_of_first_error
# 1  Selective offline   Completed without error       00%      1166         -
# 2  Extended offline    Completed without error       00%       307         -
# 3  Selective offline   Completed without error       00%         8         -
# 4  Selective offline   Interrupted (host reset)      90%         1         -
# 5  Short offline       Completed without error       00%         0         -


REPORT-IOCTL: Device=/dev/ada1 Command=SMART READ LOG InputParameter=9
 Input:   FR=0xd5, SC=0x01, LL=0x09, LM=0x4f, LH=0xc2, DEV=...., CMD=0xb0 IN
 Output: ERR=0x00, SC=0x00, LL=0x00, LM=0x4f, LH=0xc2, DEV=...., STS=....
REPORT-IOCTL: Device=/dev/ada1 Command=SMART READ LOG returned 0

===== [SMART READ LOG] DATA START (BASE-16) =====
000-015: 01 00 00 00 00 00 00 00 00 00 af a3 50 5d 01 00 |............P]..|
016-031: 00 00 00 00 00 00 00 00 00 00 00 00 00 00 00 00 |................|
032-047: 00 00 00 00 00 00 00 00 00 00 00 00 00 00 00 00 |................|
048-063: 00 00 00 00 00 00 00 00 00 00 00 00 00 00 00 00 |................|
064-079: 00 00 00 00 00 00 00 00 00 00 00 00 00 00 00 00 |................|
080-095: 00 00 00 00 00 00 00 00 00 00 00 00 00 00 00 00 |................|
096-111: 00 00 00 00 00 00 00 00 00 00 00 00 00 00 00 00 |................|
112-127: 00 00 00 00 00 00 00 00 00 00 00 00 00 00 00 00 |................|
128-143: 00 00 00 00 00 00 00 00 00 00 00 00 00 00 00 00 |................|
144-159: 00 00 00 00 00 00 00 00 00 00 00 00 00 00 00 00 |................|
160-175: 00 00 00 00 00 00 00 00 00 00 00 00 00 00 00 00 |................|
176-191: 00 00 00 00 00 00 00 00 00 00 00 00 00 00 00 00 |................|
192-207: 00 00 00 00 00 00 00 00 00 00 00 00 00 00 00 00 |................|
208-223: 00 00 00 00 00 00 00 00 00 00 00 00 00 00 00 00 |................|
224-239: 00 00 00 00 00 00 00 00 00 00 00 00 00 00 00 00 |................|
240-255: 00 00 00 00 00 00 00 00 00 00 00 00 00 00 00 00 |................|
256-271: 00 00 00 00 00 00 00 00 00 00 00 00 00 00 00 00 |................|
272-287: 00 00 00 00 00 00 00 00 00 00 00 00 00 00 00 00 |................|
288-303: 00 00 00 00 00 00 00 00 00 00 00 00 00 00 00 00 |................|
304-319: 00 00 00 00 00 00 00 00 00 00 00 00 00 00 00 00 |................|
320-335: 00 00 00 00 00 00 00 00 00 00 00 00 00 00 00 00 |................|
336-351: 00 00 00 00 00 00 00 00 00 00 00 00 00 00 00 00 |................|
352-367: 00 00 00 00 00 00 00 00 00 00 00 00 00 00 00 00 |................|
368-383: 00 00 00 00 00 00 00 00 00 00 00 00 00 00 00 00 |................|
384-399: 00 00 00 00 00 00 00 00 00 00 00 00 00 00 00 00 |................|
400-415: 00 00 00 00 00 00 00 00 00 00 00 00 00 00 00 00 |................|
416-431: 00 00 00 00 00 00 00 00 00 00 00 00 00 00 00 00 |................|
432-447: 00 00 00 00 00 00 00 00 00 00 00 00 00 00 00 00 |................|
448-463: 00 00 00 00 00 00 00 00 00 00 00 00 00 00 00 00 |................|
464-479: 00 00 00 00 00 00 00 00 00 00 00 00 00 00 00 00 |................|
480-495: 00 00 00 00 00 00 00 00 00 00 00 00 00 00 00 00 |................|
496-511: 00 00 00 00 00 00 00 00 00 00 00 00 00 00 00 ff |................|
===== [SMART READ LOG] DATA END (512 Bytes) =====

SMART Selective self-test log data structure revision number 1
 SPAN  MIN_LBA     MAX_LBA  CURRENT_TEST_STATUS
    1        0  5860533167  Not_testing
    2        0           0  Not_testing
    3        0           0  Not_testing
    4        0           0  Not_testing
    5        0           0  Not_testing
Selective self-test flags (0x0):
  After scanning selected spans, do NOT read-scan remainder of disk.
If Selective self-test is pending on power-up, resume after 0 minute delay.

