smartctl 6.3 2014-07-26 r3976 [FreeBSD 9.3-STABLE amd64] (local build)
Copyright (C) 2002-14, Bruce Allen, Christian Franke, www.smartmontools.org


REPORT-IOCTL: Device=/dev/ada2 Command=IDENTIFY DEVICE
 Input:   FR=...., SC=0x01, LL=...., LM=...., LH=...., DEV=...., CMD=0xec IN
 Output: ERR=0x00, SC=0x00, LL=0x00, LM=0x00, LH=0x00, DEV=...., STS=....
REPORT-IOCTL: Device=/dev/ada2 Command=IDENTIFY DEVICE returned 0

===== [IDENTIFY DEVICE] DATA START (BASE-16) =====
000-015: 7a 42 ff 3f 37 c8 10 00 00 00 00 00 3f 00 00 00 |zB.?7.......?...|
016-031: 00 00 00 00 20 20 20 20 57 20 2d 44 43 57 33 43 |....    W -DCW3C|
032-047: 30 46 32 35 30 31 33 34 00 00 00 00 00 00 31 30 |0F250134......10|
048-063: 30 2e 41 31 31 30 44 57 20 43 44 57 30 31 33 30 |0.A110DW CDW0130|
064-079: 5a 46 58 45 30 2d 4d 30 32 4b 30 41 20 20 20 20 |ZFXE0-M02K0A    |
080-095: 20 20 20 20 20 20 20 20 20 20 20 20 20 20 10 80 |              ..|
096-111: 00 40 00 2f 01 40 00 00 00 00 07 00 ff 3f 10 00 |.@./.@.......?..|
112-127: 3f 00 10 fc fb 00 10 01 ff ff ff 0f 00 00 07 00 |?...............|
128-143: 03 00 78 00 78 00 78 00 78 00 00 00 00 00 00 00 |..x.x.x.x.......|
144-159: 00 00 00 00 00 00 1f 00 0e 97 04 00 44 00 44 00 |............D.D.|
160-175: fe 03 1f 00 6b 74 61 7d 23 41 69 74 41 bc 23 41 |....kta}#AitA.#A|
176-191: 7f 40 39 00 39 00 00 00 fe ff 00 00 00 00 00 00 |.@9.9...........|
192-207: 00 00 00 00 00 00 00 00 b0 6d 70 74 00 00 00 00 |.........mpt....|
208-223: 00 00 00 00 03 60 00 00 01 50 e2 4e 0b b4 be 7b |.....`...P.N...{|
224-239: 00 00 00 00 00 00 00 00 00 00 00 00 00 00 18 40 |...............@|
240-255: 18 40 00 00 00 00 00 00 00 00 00 00 00 00 00 00 |.@..............|
256-271: 21 00 00 00 00 00 00 00 00 00 00 00 00 00 00 00 |!...............|
272-287: 00 00 00 00 00 00 00 00 00 00 00 00 04 00 00 00 |................|
288-303: 00 00 00 00 00 00 00 00 00 00 00 00 00 00 00 00 |................|
304-319: 00 00 00 00 00 00 00 00 00 00 00 00 00 00 00 00 |................|
320-335: 00 00 00 00 00 00 00 00 00 00 00 00 00 00 00 00 |................|
336-351: 00 00 00 00 00 00 00 00 00 00 00 00 00 00 00 00 |................|
352-367: 00 00 00 00 00 00 00 00 00 00 00 00 00 00 00 00 |................|
368-383: 00 00 00 00 00 00 00 00 00 00 00 00 00 00 00 00 |................|
384-399: 00 00 00 00 00 00 00 00 00 00 00 00 00 00 00 00 |................|
400-415: 00 00 00 00 00 00 00 00 00 00 00 00 35 30 00 00 |............50..|
416-431: 00 00 00 00 00 00 00 00 00 00 00 00 00 00 00 00 |................|
432-447: 00 00 20 1c 00 00 00 00 00 00 00 00 7e 10 00 00 |.. .........~...|
448-463: 00 00 00 00 00 00 00 00 00 00 00 00 00 00 00 00 |................|
464-479: 00 00 00 00 01 00 00 10 00 00 00 00 00 00 00 00 |................|
480-495: 00 00 00 00 00 00 00 00 00 00 00 00 00 00 00 00 |................|
496-511: 00 00 00 00 00 00 00 00 00 00 00 00 00 00 a5 f1 |................|
===== [IDENTIFY DEVICE] DATA END (512 Bytes) =====

=== START OF INFORMATION SECTION ===
Model Family:     Western Digital Black
Device Model:     WDC WD1003FZEX-00MK2A0
Serial Number:    WD-WCC3F0521043
LU WWN Device Id: 5 0014ee 2b40b7bbe
Firmware Version: 01.01A01
User Capacity:    1,000,204,886,016 bytes [1.00 TB]
Sector Sizes:     512 bytes logical, 4096 bytes physical
Rotation Rate:    7200 rpm
Device is:        In smartctl database [for details use: -P show]
ATA Version is:   ACS-2, ACS-3 T13/2161-D revision 3b
SATA Version is:  SATA 3.1, 6.0 Gb/s (current: 3.0 Gb/s)
Local Time is:    Mon Oct 13 21:15:23 2014 PDT
SMART support is: Available - device has SMART capability.
SMART support is: Enabled


REPORT-IOCTL: Device=/dev/ada2 Command=SMART READ ATTRIBUTE VALUES
 Input:   FR=0xd0, SC=0x01, LL=...., LM=0x4f, LH=0xc2, DEV=...., CMD=0xb0 IN
 [Duration: 0.003s]
 Output: ERR=0x00, SC=0x00, LL=0x00, LM=0x00, LH=0x00, DEV=...., STS=....
REPORT-IOCTL: Device=/dev/ada2 Command=SMART READ ATTRIBUTE VALUES returned 0

===== [SMART READ ATTRIBUTE VALUES] DATA START (BASE-16) =====
000-015: 10 00 01 2f 00 c8 c8 00 00 00 00 00 00 00 03 27 |.../...........'|
016-031: 00 ae ad da 08 00 00 00 00 00 04 32 00 64 64 1e |...........2.dd.|
032-047: 00 00 00 00 00 00 05 33 00 c8 c8 00 00 00 00 00 |.......3........|
048-063: 00 00 07 2e 00 c8 c8 00 00 00 00 00 00 00 09 32 |...............2|
064-079: 00 5e 5d 99 12 00 00 00 00 00 0a 32 00 64 fd 00 |.^]........2.d..|
080-095: 00 00 00 00 00 00 0b 32 00 64 fd 00 00 00 00 00 |.......2.d......|
096-111: 00 00 0c 32 00 64 64 1d 00 00 00 00 00 00 c0 32 |...2.dd........2|
112-127: 00 c8 c8 09 00 00 00 00 00 00 c1 32 00 c8 c8 18 |...........2....|
128-143: 00 00 00 00 00 00 c2 22 00 6d 68 22 00 00 00 00 |.......".mh"....|
144-159: 00 00 c4 32 00 c8 c8 00 00 00 00 00 00 00 c5 32 |...2...........2|
160-175: 00 c8 c8 00 00 00 00 00 00 00 c6 30 00 c8 c8 00 |...........0....|
176-191: 00 00 00 00 00 00 c7 32 00 c8 c8 00 00 00 00 00 |.......2........|
192-207: 00 00 c8 08 00 c8 c8 00 00 00 00 00 00 00 00 00 |................|
208-223: 00 00 00 00 00 00 00 00 00 00 00 00 00 00 00 00 |................|
224-239: 00 00 00 00 00 00 00 00 00 00 00 00 00 00 00 00 |................|
240-255: 00 00 00 00 00 00 00 00 00 00 00 00 00 00 00 00 |................|
256-271: 00 00 00 00 00 00 00 00 00 00 00 00 00 00 00 00 |................|
272-287: 00 00 00 00 00 00 00 00 00 00 00 00 00 00 00 00 |................|
288-303: 00 00 00 00 00 00 00 00 00 00 00 00 00 00 00 00 |................|
304-319: 00 00 00 00 00 00 00 00 00 00 00 00 00 00 00 00 |................|
320-335: 00 00 00 00 00 00 00 00 00 00 00 00 00 00 00 00 |................|
336-351: 00 00 00 00 00 00 00 00 00 00 00 00 00 00 00 00 |................|
352-367: 00 00 00 00 00 00 00 00 00 00 82 00 f4 29 01 7b |.............).{|
368-383: 03 00 01 00 02 70 05 00 00 00 00 00 00 00 00 00 |.....p..........|
384-399: 00 00 01 02 00 00 00 00 00 00 00 00 00 00 00 00 |................|
400-415: 00 00 00 00 00 00 00 00 00 00 00 00 00 00 00 00 |................|
416-431: 00 00 00 00 00 00 00 00 00 00 00 00 00 00 00 00 |................|
432-447: 00 00 00 00 00 00 00 00 00 00 00 00 00 00 00 00 |................|
448-463: 00 00 00 00 00 00 00 00 00 00 00 00 00 00 00 00 |................|
464-479: 00 00 00 00 00 00 00 00 00 00 00 00 00 00 00 00 |................|
480-495: 00 00 00 00 00 00 00 00 00 00 00 00 00 00 00 00 |................|
496-511: 00 00 00 00 00 00 00 00 00 00 00 00 00 00 00 0b |................|
===== [SMART READ ATTRIBUTE VALUES] DATA END (512 Bytes) =====


REPORT-IOCTL: Device=/dev/ada2 Command=SMART READ ATTRIBUTE THRESHOLDS
 Input:   FR=0xd1, SC=0x01, LL=0x01, LM=0x4f, LH=0xc2, DEV=...., CMD=0xb0 IN
 [Duration: 0.003s]
 Output: ERR=0x00, SC=0x00, LL=0x00, LM=0x00, LH=0x00, DEV=...., STS=....
REPORT-IOCTL: Device=/dev/ada2 Command=SMART READ ATTRIBUTE THRESHOLDS returned 0

===== [SMART READ ATTRIBUTE THRESHOLDS] DATA START (BASE-16) =====
000-015: 10 00 01 33 c8 c8 00 00 00 00 00 00 00 00 03 15 |...3............|
016-031: 00 00 00 00 00 00 00 00 00 00 04 00 00 00 00 00 |................|
032-047: 00 00 00 00 00 00 05 8c 00 00 00 00 00 00 00 00 |................|
048-063: 00 00 07 00 c8 c8 00 00 00 00 00 00 00 00 09 00 |................|
064-079: 00 00 00 00 00 00 00 00 00 00 0a 00 00 00 00 00 |................|
080-095: 00 00 00 00 00 00 0b 00 00 00 00 00 00 00 00 00 |................|
096-111: 00 00 0c 00 00 00 00 00 00 00 00 00 00 00 c0 00 |................|
112-127: 00 00 00 00 00 00 00 00 00 00 c1 00 00 00 00 00 |................|
128-143: 00 00 00 00 00 00 c2 00 00 00 00 00 00 00 00 00 |................|
144-159: 00 00 c4 00 00 00 00 00 00 00 00 00 00 00 c5 00 |................|
160-175: 00 00 00 00 00 00 00 00 00 00 c6 00 00 00 00 00 |................|
176-191: 00 00 00 00 00 00 c7 00 00 00 00 00 00 00 00 00 |................|
192-207: 00 00 c8 00 c8 c8 00 00 00 00 00 00 00 00 00 00 |................|
208-223: 00 00 00 00 00 00 00 00 00 00 00 00 00 00 00 00 |................|
224-239: 00 00 00 00 00 00 00 00 00 00 00 00 00 00 00 00 |................|
240-255: 00 00 00 00 00 00 00 00 00 00 00 00 00 00 00 00 |................|
256-271: 00 00 00 00 00 00 00 00 00 00 00 00 00 00 00 00 |................|
272-287: 00 00 00 00 00 00 00 00 00 00 00 00 00 00 00 00 |................|
288-303: 00 00 00 00 00 00 00 00 00 00 00 00 00 00 00 00 |................|
304-319: 00 00 00 00 00 00 00 00 00 00 00 00 00 00 00 00 |................|
320-335: 00 00 00 00 00 00 00 00 00 00 00 00 00 00 00 00 |................|
336-351: 00 00 00 00 00 00 00 00 00 00 00 00 00 00 00 00 |................|
352-367: 00 00 00 00 00 00 00 00 00 00 00 00 00 00 00 00 |................|
368-383: 00 00 00 00 00 00 00 00 00 00 00 00 00 00 00 00 |................|
384-399: 00 00 00 00 00 00 00 00 00 00 00 00 00 00 00 00 |................|
400-415: 00 00 00 00 00 00 00 00 00 00 00 00 00 00 00 00 |................|
416-431: 00 00 00 00 00 00 00 00 00 00 00 00 00 00 00 00 |................|
432-447: 00 00 00 00 00 00 00 00 00 00 00 00 00 00 00 00 |................|
448-463: 00 00 00 00 00 00 00 00 00 00 00 00 00 00 00 00 |................|
464-479: 00 00 00 00 00 00 00 00 00 00 00 00 00 00 00 00 |................|
480-495: 00 00 00 00 00 00 00 00 00 00 00 00 00 00 00 00 |................|
496-511: 00 00 00 00 00 00 00 00 00 00 00 00 00 00 00 0d |................|
===== [SMART READ ATTRIBUTE THRESHOLDS] DATA END (512 Bytes) =====

=== START OF READ SMART DATA SECTION ===

REPORT-IOCTL: Device=/dev/ada2 Command=SMART STATUS CHECK
 Input:   FR=0xda, SC=...., LL=...., LM=0x4f, LH=0xc2, DEV=...., CMD=0xb0
 [Duration: 0.043s]
 Output: ERR=0x00, SC=0x00, LL=0x00, LM=0x4f, LH=0xc2, DEV=...., STS=....
REPORT-IOCTL: Device=/dev/ada2 Command=SMART STATUS CHECK returned 0
SMART overall-health self-assessment test result: PASSED

General SMART Values:
Offline data collection status:  (0x82)	Offline data collection activity
					was completed without error.
					Auto Offline Data Collection: Enabled.
Self-test execution status:      (   0)	The previous self-test routine completed
					without error or no self-test has ever 
					been run.
Total time to complete Offline 
data collection: 		(10740) seconds.
Offline data collection
capabilities: 			 (0x7b) SMART execute Offline immediate.
					Auto Offline data collection on/off support.
					Suspend Offline collection upon new
					command.
					Offline surface scan supported.
					Self-test supported.
					Conveyance Self-test supported.
					Selective Self-test supported.
SMART capabilities:            (0x0003)	Saves SMART data before entering
					power-saving mode.
					Supports SMART auto save timer.
Error logging capability:        (0x01)	Error logging supported.
					General Purpose Logging supported.
Short self-test routine 
recommended polling time: 	 (   2) minutes.
Extended self-test routine
recommended polling time: 	 ( 112) minutes.
Conveyance self-test routine
recommended polling time: 	 (   5) minutes.
SCT capabilities: 	       (0x3035)	SCT Status supported.
					SCT Feature Control supported.
					SCT Data Table supported.

SMART Attributes Data Structure revision number: 16
Vendor Specific SMART Attributes with Thresholds:
ID# ATTRIBUTE_NAME          FLAG     VALUE WORST THRESH TYPE      UPDATED  WHEN_FAILED RAW_VALUE
  1 Raw_Read_Error_Rate     0x002f   200   200   051    Pre-fail  Always       -       0
  3 Spin_Up_Time            0x0027   174   173   021    Pre-fail  Always       -       2266
  4 Start_Stop_Count        0x0032   100   100   000    Old_age   Always       -       30
  5 Reallocated_Sector_Ct   0x0033   200   200   140    Pre-fail  Always       -       0
  7 Seek_Error_Rate         0x002e   200   200   000    Old_age   Always       -       0
  9 Power_On_Hours          0x0032   094   093   000    Old_age   Always       -       4761
 10 Spin_Retry_Count        0x0032   100   253   000    Old_age   Always       -       0
 11 Calibration_Retry_Count 0x0032   100   253   000    Old_age   Always       -       0
 12 Power_Cycle_Count       0x0032   100   100   000    Old_age   Always       -       29
192 Power-Off_Retract_Count 0x0032   200   200   000    Old_age   Always       -       9
193 Load_Cycle_Count        0x0032   200   200   000    Old_age   Always       -       24
194 Temperature_Celsius     0x0022   109   104   000    Old_age   Always       -       34
196 Reallocated_Event_Count 0x0032   200   200   000    Old_age   Always       -       0
197 Current_Pending_Sector  0x0032   200   200   000    Old_age   Always       -       0
198 Offline_Uncorrectable   0x0030   200   200   000    Old_age   Offline      -       0
199 UDMA_CRC_Error_Count    0x0032   200   200   000    Old_age   Always       -       0
200 Multi_Zone_Error_Rate   0x0008   200   200   000    Old_age   Offline      -       0


REPORT-IOCTL: Device=/dev/ada2 Command=SMART READ LOG InputParameter=0
 Input:   FR=0xd5, SC=0x01, LL=0x00, LM=0x4f, LH=0xc2, DEV=...., CMD=0xb0 IN
 Output: ERR=0x00, SC=0x00, LL=0x00, LM=0x4f, LH=0xc2, DEV=...., STS=....
REPORT-IOCTL: Device=/dev/ada2 Command=SMART READ LOG returned 0

===== [SMART READ LOG] DATA START (BASE-16) =====
000-015: 01 00 01 00 05 00 00 00 00 00 00 00 01 00 00 00 |................|
016-031: 00 00 01 00 00 00 00 00 00 00 00 00 00 00 00 00 |................|
032-047: 00 00 00 00 00 00 00 00 00 00 00 00 00 00 00 00 |................|
048-063: 00 00 00 00 00 00 00 00 00 00 00 00 00 00 00 00 |................|
064-079: 00 00 00 00 00 00 00 00 00 00 00 00 00 00 00 00 |................|
080-095: 00 00 00 00 00 00 00 00 00 00 00 00 00 00 00 00 |................|
096-111: 00 00 00 00 00 00 00 00 00 00 00 00 00 00 00 00 |................|
112-127: 00 00 00 00 00 00 00 00 00 00 00 00 00 00 00 00 |................|
128-143: 00 00 00 00 00 00 00 00 00 00 00 00 00 00 00 00 |................|
144-159: 00 00 00 00 00 00 00 00 00 00 00 00 00 00 00 00 |................|
160-175: 00 00 00 00 00 00 00 00 00 00 00 00 00 00 00 00 |................|
176-191: 00 00 00 00 00 00 00 00 00 00 00 00 00 00 00 00 |................|
192-207: 00 00 00 00 00 00 00 00 00 00 00 00 00 00 00 00 |................|
208-223: 00 00 00 00 00 00 00 00 00 00 00 00 00 00 00 00 |................|
224-239: 00 00 00 00 00 00 00 00 00 00 00 00 00 00 00 00 |................|
240-255: 00 00 00 00 00 00 00 00 00 00 00 00 00 00 00 00 |................|
256-271: 10 00 10 00 10 00 10 00 10 00 10 00 10 00 10 00 |................|
272-287: 10 00 10 00 10 00 10 00 10 00 10 00 10 00 10 00 |................|
288-303: 10 00 10 00 10 00 10 00 10 00 10 00 10 00 10 00 |................|
304-319: 10 00 10 00 10 00 10 00 10 00 10 00 10 00 10 00 |................|
320-335: 10 00 10 00 10 00 10 00 10 00 10 00 10 00 10 00 |................|
336-351: 01 00 01 00 01 00 01 00 01 00 01 00 01 00 01 00 |................|
352-367: 01 00 01 00 01 00 01 00 01 00 01 00 01 00 01 00 |................|
368-383: 00 00 00 00 00 00 00 00 00 00 01 00 00 00 00 00 |................|
384-399: 01 00 00 00 00 00 00 00 00 00 00 00 00 00 00 00 |................|
400-415: 00 00 00 00 00 00 00 00 00 00 00 00 00 00 00 00 |................|
416-431: 00 00 00 00 00 00 00 00 00 00 00 00 00 00 00 00 |................|
432-447: 00 00 00 00 00 00 00 00 00 00 00 00 00 00 00 00 |................|
448-463: 01 00 01 00 00 00 00 00 00 00 00 00 00 00 00 00 |................|
464-479: 00 00 00 00 00 00 00 00 00 00 00 00 00 00 00 00 |................|
480-495: 00 00 00 00 00 00 00 00 00 00 00 00 00 00 00 00 |................|
496-511: 00 00 00 00 00 00 00 00 00 00 00 00 00 00 00 00 |................|
===== [SMART READ LOG] DATA END (512 Bytes) =====


REPORT-IOCTL: Device=/dev/ada2 Command=SMART READ LOG InputParameter=1
 Input:   FR=0xd5, SC=0x01, LL=0x01, LM=0x4f, LH=0xc2, DEV=...., CMD=0xb0 IN
 Output: ERR=0x00, SC=0x00, LL=0x00, LM=0x4f, LH=0xc2, DEV=...., STS=....
REPORT-IOCTL: Device=/dev/ada2 Command=SMART READ LOG returned 0

===== [SMART READ LOG] DATA START (BASE-16) =====
000-015: 01 00 00 00 00 00 00 00 00 00 00 00 00 00 00 00 |................|
016-031: 00 00 00 00 00 00 00 00 00 00 00 00 00 00 00 00 |................|
032-047: 00 00 00 00 00 00 00 00 00 00 00 00 00 00 00 00 |................|
048-063: 00 00 00 00 00 00 00 00 00 00 00 00 00 00 00 00 |................|
064-079: 00 00 00 00 00 00 00 00 00 00 00 00 00 00 00 00 |................|
080-095: 00 00 00 00 00 00 00 00 00 00 00 00 00 00 00 00 |................|
096-111: 00 00 00 00 00 00 00 00 00 00 00 00 00 00 00 00 |................|
112-127: 00 00 00 00 00 00 00 00 00 00 00 00 00 00 00 00 |................|
128-143: 00 00 00 00 00 00 00 00 00 00 00 00 00 00 00 00 |................|
144-159: 00 00 00 00 00 00 00 00 00 00 00 00 00 00 00 00 |................|
160-175: 00 00 00 00 00 00 00 00 00 00 00 00 00 00 00 00 |................|
176-191: 00 00 00 00 00 00 00 00 00 00 00 00 00 00 00 00 |................|
192-207: 00 00 00 00 00 00 00 00 00 00 00 00 00 00 00 00 |................|
208-223: 00 00 00 00 00 00 00 00 00 00 00 00 00 00 00 00 |................|
224-239: 00 00 00 00 00 00 00 00 00 00 00 00 00 00 00 00 |................|
240-255: 00 00 00 00 00 00 00 00 00 00 00 00 00 00 00 00 |................|
256-271: 00 00 00 00 00 00 00 00 00 00 00 00 00 00 00 00 |................|
272-287: 00 00 00 00 00 00 00 00 00 00 00 00 00 00 00 00 |................|
288-303: 00 00 00 00 00 00 00 00 00 00 00 00 00 00 00 00 |................|
304-319: 00 00 00 00 00 00 00 00 00 00 00 00 00 00 00 00 |................|
320-335: 00 00 00 00 00 00 00 00 00 00 00 00 00 00 00 00 |................|
336-351: 00 00 00 00 00 00 00 00 00 00 00 00 00 00 00 00 |................|
352-367: 00 00 00 00 00 00 00 00 00 00 00 00 00 00 00 00 |................|
368-383: 00 00 00 00 00 00 00 00 00 00 00 00 00 00 00 00 |................|
384-399: 00 00 00 00 00 00 00 00 00 00 00 00 00 00 00 00 |................|
400-415: 00 00 00 00 00 00 00 00 00 00 00 00 00 00 00 00 |................|
416-431: 00 00 00 00 00 00 00 00 00 00 00 00 00 00 00 00 |................|
432-447: 00 00 00 00 00 00 00 00 00 00 00 00 00 00 00 00 |................|
448-463: 00 00 00 00 00 00 00 00 00 00 00 00 00 00 00 00 |................|
464-479: 00 00 00 00 00 00 00 00 00 00 00 00 00 00 00 00 |................|
480-495: 00 00 00 00 00 00 00 00 00 00 00 00 00 00 00 00 |................|
496-511: 00 00 00 00 00 00 00 00 00 00 00 00 00 00 00 ff |................|
===== [SMART READ LOG] DATA END (512 Bytes) =====

SMART Error Log Version: 1
No Errors Logged


REPORT-IOCTL: Device=/dev/ada2 Command=SMART READ LOG InputParameter=6
 Input:   FR=0xd5, SC=0x01, LL=0x06, LM=0x4f, LH=0xc2, DEV=...., CMD=0xb0 IN
 Output: ERR=0x00, SC=0x00, LL=0x00, LM=0x4f, LH=0xc2, DEV=...., STS=....
REPORT-IOCTL: Device=/dev/ada2 Command=SMART READ LOG returned 0

===== [SMART READ LOG] DATA START (BASE-16) =====
000-015: 01 00 01 00 18 02 00 ff ff ff ff ff ff ff ff 00 |................|
016-031: 00 00 00 00 00 00 00 00 00 00 04 00 63 02 00 ff |............c...|
032-047: ff ff ff ff ff ff ff 00 00 00 00 00 00 00 00 00 |................|
048-063: 00 00 02 00 3c 0d 00 ff ff ff ff ff ff ff ff 00 |....<...........|
064-079: 00 00 00 00 00 00 00 00 00 00 04 00 9e 13 00 ff |................|
080-095: ff ff ff ff ff ff ff 00 00 00 00 00 00 00 00 00 |................|
096-111: 00 00 00 00 00 00 00 00 00 00 00 00 00 00 00 00 |................|
112-127: 00 00 00 00 00 00 00 00 00 00 00 00 00 00 00 00 |................|
128-143: 00 00 00 00 00 00 00 00 00 00 00 00 00 00 00 00 |................|
144-159: 00 00 00 00 00 00 00 00 00 00 00 00 00 00 00 00 |................|
160-175: 00 00 00 00 00 00 00 00 00 00 00 00 00 00 00 00 |................|
176-191: 00 00 00 00 00 00 00 00 00 00 00 00 00 00 00 00 |................|
192-207: 00 00 00 00 00 00 00 00 00 00 00 00 00 00 00 00 |................|
208-223: 00 00 00 00 00 00 00 00 00 00 00 00 00 00 00 00 |................|
224-239: 00 00 00 00 00 00 00 00 00 00 00 00 00 00 00 00 |................|
240-255: 00 00 00 00 00 00 00 00 00 00 00 00 00 00 00 00 |................|
256-271: 00 00 00 00 00 00 00 00 00 00 00 00 00 00 00 00 |................|
272-287: 00 00 00 00 00 00 00 00 00 00 00 00 00 00 00 00 |................|
288-303: 00 00 00 00 00 00 00 00 00 00 00 00 00 00 00 00 |................|
304-319: 00 00 00 00 00 00 00 00 00 00 00 00 00 00 00 00 |................|
320-335: 00 00 00 00 00 00 00 00 00 00 00 00 00 00 00 00 |................|
336-351: 00 00 00 00 00 00 00 00 00 00 00 00 00 00 00 00 |................|
352-367: 00 00 00 00 00 00 00 00 00 00 00 00 00 00 00 00 |................|
368-383: 00 00 00 00 00 00 00 00 00 00 00 00 00 00 00 00 |................|
384-399: 00 00 00 00 00 00 00 00 00 00 00 00 00 00 00 00 |................|
400-415: 00 00 00 00 00 00 00 00 00 00 00 00 00 00 00 00 |................|
416-431: 00 00 00 00 00 00 00 00 00 00 00 00 00 00 00 00 |................|
432-447: 00 00 00 00 00 00 00 00 00 00 00 00 00 00 00 00 |................|
448-463: 00 00 00 00 00 00 00 00 00 00 00 00 00 00 00 00 |................|
464-479: 00 00 00 00 00 00 00 00 00 00 00 00 00 00 00 00 |................|
480-495: 00 00 00 00 00 00 00 00 00 00 00 00 00 00 00 00 |................|
496-511: 00 00 00 00 00 00 00 00 00 00 00 00 04 00 00 97 |................|
===== [SMART READ LOG] DATA END (512 Bytes) =====

SMART Self-test log structure revision number 1
Num  Test_Description    Status                  Remaining  LifeTime(hours)  LBA_of_first_error
# 1  Selective offline   Completed without error       00%      5022         -
# 2  Extended offline    Completed without error       00%      3388         -
# 3  Selective offline   Completed without error       00%       611         -
# 4  Short offline       Completed without error       00%       536         -


REPORT-IOCTL: Device=/dev/ada2 Command=SMART READ LOG InputParameter=9
 Input:   FR=0xd5, SC=0x01, LL=0x09, LM=0x4f, LH=0xc2, DEV=...., CMD=0xb0 IN
 Output: ERR=0x00, SC=0x00, LL=0x00, LM=0x4f, LH=0xc2, DEV=...., STS=....
REPORT-IOCTL: Device=/dev/ada2 Command=SMART READ LOG returned 0

===== [SMART READ LOG] DATA START (BASE-16) =====
000-015: 01 00 00 00 00 00 00 00 00 00 af 6d 70 74 00 00 |...........mpt..|
016-031: 00 00 00 00 00 00 00 00 00 00 00 00 00 00 00 00 |................|
032-047: 00 00 00 00 00 00 00 00 00 00 00 00 00 00 00 00 |................|
048-063: 00 00 00 00 00 00 00 00 00 00 00 00 00 00 00 00 |................|
064-079: 00 00 00 00 00 00 00 00 00 00 00 00 00 00 00 00 |................|
080-095: 00 00 00 00 00 00 00 00 00 00 00 00 00 00 00 00 |................|
096-111: 00 00 00 00 00 00 00 00 00 00 00 00 00 00 00 00 |................|
112-127: 00 00 00 00 00 00 00 00 00 00 00 00 00 00 00 00 |................|
128-143: 00 00 00 00 00 00 00 00 00 00 00 00 00 00 00 00 |................|
144-159: 00 00 00 00 00 00 00 00 00 00 00 00 00 00 00 00 |................|
160-175: 00 00 00 00 00 00 00 00 00 00 00 00 00 00 00 00 |................|
176-191: 00 00 00 00 00 00 00 00 00 00 00 00 00 00 00 00 |................|
192-207: 00 00 00 00 00 00 00 00 00 00 00 00 00 00 00 00 |................|
208-223: 00 00 00 00 00 00 00 00 00 00 00 00 00 00 00 00 |................|
224-239: 00 00 00 00 00 00 00 00 00 00 00 00 00 00 00 00 |................|
240-255: 00 00 00 00 00 00 00 00 00 00 00 00 00 00 00 00 |................|
256-271: 00 00 00 00 00 00 00 00 00 00 00 00 00 00 00 00 |................|
272-287: 00 00 00 00 00 00 00 00 00 00 00 00 00 00 00 00 |................|
288-303: 00 00 00 00 00 00 00 00 00 00 00 00 00 00 00 00 |................|
304-319: 00 00 00 00 00 00 00 00 00 00 00 00 00 00 00 00 |................|
320-335: 00 00 00 00 00 00 00 00 00 00 00 00 00 00 00 00 |................|
336-351: 00 00 00 00 00 00 00 00 00 00 00 00 00 00 00 00 |................|
352-367: 00 00 00 00 00 00 00 00 00 00 00 00 00 00 00 00 |................|
368-383: 00 00 00 00 00 00 00 00 00 00 00 00 00 00 00 00 |................|
384-399: 00 00 00 00 00 00 00 00 00 00 00 00 00 00 00 00 |................|
400-415: 00 00 00 00 00 00 00 00 00 00 00 00 00 00 00 00 |................|
416-431: 00 00 00 00 00 00 00 00 00 00 00 00 00 00 00 00 |................|
432-447: 00 00 00 00 00 00 00 00 00 00 00 00 00 00 00 00 |................|
448-463: 00 00 00 00 00 00 00 00 00 00 00 00 00 00 00 00 |................|
464-479: 00 00 00 00 00 00 00 00 00 00 00 00 00 00 00 00 |................|
480-495: 00 00 00 00 00 00 00 00 00 00 00 00 00 00 00 00 |................|
496-511: 00 00 00 00 00 00 00 00 00 00 00 00 00 00 00 ff |................|
===== [SMART READ LOG] DATA END (512 Bytes) =====

SMART Selective self-test log data structure revision number 1
 SPAN  MIN_LBA     MAX_LBA  CURRENT_TEST_STATUS
    1        0  1953525167  Not_testing
    2        0           0  Not_testing
    3        0           0  Not_testing
    4        0           0  Not_testing
    5        0           0  Not_testing
Selective self-test flags (0x0):
  After scanning selected spans, do NOT read-scan remainder of disk.
If Selective self-test is pending on power-up, resume after 0 minute delay.

