smartctl 7.4 2023-08-01 r5530 [x86_64-linux-6.8.0-55-generic] (local build)
Copyright (C) 2002-23, Bruce Allen, Christian Franke, www.smartmontools.org


REPORT-IOCTL: Device=/dev/sdb Command=IDENTIFY DEVICE
 Input:   FR=...., SC=0x01, LL=...., LM=...., LH=...., DEV=...., CMD=0xec IN
 [Duration: 0.000950s]
REPORT-IOCTL: Device=/dev/sdb Command=IDENTIFY DEVICE returned 0

===== [IDENTIFY DEVICE] DATA START (BASE-16) =====
000-015: 7a 42 ff 3f 37 c8 10 00 00 00 00 00 3f 00 00 00 |zB.?7.......?...|
016-031: 00 00 00 00 58 58 58 58 58 58 58 58 58 58 58 58 |....XXXXXXXXXXXX|
032-047: 58 58 58 58 58 58 58 58 00 00 00 00 00 00 31 38 |XXXXXXXX......18|
048-063: 30 2e 41 30 31 38 44 57 20 43 44 57 30 38 46 45 |0.A018DW CDW08FE|
064-079: 58 50 36 2d 43 38 5a 34 30 4e 20 20 20 20 20 20 |XP6-C8Z40N      |
080-095: 20 20 20 20 20 20 20 20 20 20 20 20 20 20 10 80 |              ..|
096-111: 00 40 00 2f 01 40 00 00 00 00 06 00 ff 3f 10 00 |.@./.@.......?..|
112-127: 3f 00 10 fc fb 00 10 01 ff ff ff 0f 00 00 07 00 |?...............|
128-143: 03 00 78 00 78 00 78 00 78 00 00 0d 00 00 00 00 |..x.x.x.x.......|
144-159: 00 00 00 00 00 00 1f 00 0e 9f 06 00 4c 00 40 00 |............L.@.|
160-175: fe 07 6d 00 6b 70 01 74 23 61 69 70 01 b4 23 61 |..m.kp.t#aip..#a|
176-191: 7f 40 9c 81 9c 81 00 00 fe ff 00 00 00 00 00 00 |.@..............|
192-207: 00 00 00 00 00 00 00 00 b0 2a 81 a3 03 00 00 00 |.........*......|
208-223: 00 00 0a 00 03 60 00 00 00 00 00 00 00 00 00 00 |.....`..........|
224-239: 00 00 00 00 00 00 00 00 00 00 00 00 00 00 1c 40 |...............@|
240-255: 1c 40 00 00 00 00 00 00 00 00 00 00 00 00 00 00 |.@..............|
256-271: 21 00 00 00 00 00 00 00 00 00 00 00 00 00 00 00 |!...............|
272-287: 00 00 00 00 00 00 00 00 00 00 01 80 04 00 60 81 |..............`.|
288-303: 00 00 00 00 00 00 00 00 00 00 00 00 00 00 00 00 |................|
304-319: 00 00 00 00 00 00 00 00 00 00 00 00 00 00 00 00 |................|
320-335: 00 00 00 00 00 00 00 00 00 00 00 00 00 00 00 00 |................|
336-351: 02 00 00 00 00 00 00 00 00 00 00 00 00 00 00 00 |................|
352-367: 00 00 00 00 00 00 00 00 00 00 00 00 00 00 00 00 |................|
368-383: 00 00 00 00 00 00 00 00 00 00 00 00 00 00 00 00 |................|
384-399: 00 00 00 00 00 00 00 00 00 00 00 00 00 00 00 00 |................|
400-415: 00 00 00 00 00 00 00 00 00 00 00 00 39 00 00 00 |............9...|
416-431: 00 00 00 40 00 00 00 00 00 00 00 00 00 00 00 00 |...@............|
432-447: 00 00 08 16 00 00 00 00 00 00 00 00 7e 10 00 00 |............~...|
448-463: 00 00 00 00 00 00 00 00 00 00 00 00 00 00 00 00 |................|
464-479: 00 00 00 00 01 00 00 10 00 00 00 00 00 00 00 00 |................|
480-495: 00 00 00 00 00 00 00 00 00 00 00 00 00 00 00 00 |................|
496-511: 00 00 00 00 00 00 00 00 00 00 00 00 00 00 a5 75 |...............u|
===== [IDENTIFY DEVICE] DATA END (512 Bytes) =====


REPORT-IOCTL: Device=/dev/sdb Command=SMART READ ATTRIBUTE VALUES
 Input:   FR=0xd0, SC=0x01, LL=...., LM=0x4f, LH=0xc2, DEV=...., CMD=0xb0 IN
 [Duration: 0.003892s]
REPORT-IOCTL: Device=/dev/sdb Command=SMART READ ATTRIBUTE VALUES returned 0

===== [SMART READ ATTRIBUTE VALUES] DATA START (BASE-16) =====
000-015: 10 00 01 2f 00 c8 c8 00 00 00 00 00 00 00 03 27 |.../...........'|
016-031: 00 64 fd 00 00 00 00 00 00 00 04 32 00 64 64 03 |.d.........2.dd.|
032-047: 00 00 00 00 00 00 05 33 00 c8 c8 00 00 00 00 00 |.......3........|
048-063: 00 00 07 2e 00 c8 c8 00 00 00 00 00 00 00 09 32 |...............2|
064-079: 00 64 64 3f 00 00 00 00 00 00 0a 32 00 64 fd 00 |.dd?.......2.d..|
080-095: 00 00 00 00 00 00 0b 32 00 64 fd 00 00 00 00 00 |.......2.d......|
096-111: 00 00 0c 32 00 64 64 03 00 00 00 00 00 00 c0 32 |...2.dd........2|
112-127: 00 c8 c8 01 00 00 00 00 00 00 c1 32 00 c8 c8 12 |...........2....|
128-143: 00 00 00 00 00 00 c2 22 00 73 68 25 00 00 00 00 |.......".sh%....|
144-159: 00 00 c4 32 00 c8 c8 00 00 00 00 00 00 00 c5 32 |...2...........2|
160-175: 00 c8 c8 00 00 00 00 00 00 00 c6 30 00 64 fd 00 |...........0.d..|
176-191: 00 00 00 00 00 00 c7 32 00 c8 c8 00 00 00 00 00 |.......2........|
192-207: 00 00 c8 08 00 c8 c8 00 00 00 00 00 00 00 00 00 |................|
208-223: 00 00 00 00 00 00 00 00 00 00 00 00 00 00 00 00 |................|
224-239: 00 00 00 00 00 00 00 00 00 00 00 00 00 00 00 00 |................|
240-255: 00 00 00 00 00 00 00 00 00 00 00 00 00 00 00 00 |................|
256-271: 00 00 00 00 00 00 00 00 00 00 00 00 00 00 00 00 |................|
272-287: 00 00 00 00 00 00 00 00 00 00 00 00 00 00 00 00 |................|
288-303: 00 00 00 00 00 00 00 00 00 00 00 00 00 00 00 00 |................|
304-319: 00 00 00 00 00 00 00 00 00 00 00 00 00 00 00 00 |................|
320-335: 00 00 00 00 00 00 00 00 00 00 00 00 00 00 00 00 |................|
336-351: 00 00 00 00 00 00 00 00 00 00 00 00 00 00 00 00 |................|
352-367: 00 00 00 00 00 00 00 00 00 00 00 00 e8 25 01 7b |.............%.{|
368-383: 03 00 01 00 02 ff 05 04 03 00 00 00 00 00 00 00 |................|
384-399: 00 00 01 08 00 00 00 00 00 00 00 00 00 00 00 00 |................|
400-415: 00 00 00 00 00 00 00 00 00 00 00 00 00 00 00 00 |................|
416-431: 00 00 00 00 00 00 00 00 00 00 00 00 00 00 00 00 |................|
432-447: 00 00 00 00 00 00 00 00 00 00 00 00 00 00 00 00 |................|
448-463: 00 00 00 00 00 00 00 00 00 00 00 00 00 00 00 00 |................|
464-479: 00 00 00 00 00 00 00 00 00 00 00 00 00 00 00 00 |................|
480-495: 00 00 00 00 00 00 00 00 00 00 00 00 00 00 00 00 |................|
496-511: 00 00 00 00 00 00 00 00 00 00 00 00 00 00 00 a5 |................|
===== [SMART READ ATTRIBUTE VALUES] DATA END (512 Bytes) =====


REPORT-IOCTL: Device=/dev/sdb Command=SMART READ ATTRIBUTE THRESHOLDS
 Input:   FR=0xd1, SC=0x01, LL=0x01, LM=0x4f, LH=0xc2, DEV=...., CMD=0xb0 IN
 [Duration: 0.003799s]
REPORT-IOCTL: Device=/dev/sdb Command=SMART READ ATTRIBUTE THRESHOLDS returned 0

===== [SMART READ ATTRIBUTE THRESHOLDS] DATA START (BASE-16) =====
000-015: 10 00 01 33 c8 c8 c8 c8 c8 c8 c8 c8 00 00 03 15 |...3............|
016-031: 00 00 00 00 00 00 00 00 00 00 04 00 00 00 00 00 |................|
032-047: 00 00 00 00 00 00 05 8c 00 00 00 00 00 00 00 00 |................|
048-063: 00 00 07 00 c8 c8 c8 c8 c8 c8 c8 c8 00 00 09 00 |................|
064-079: 00 00 00 00 00 00 00 00 00 00 0a 00 00 00 00 00 |................|
080-095: 00 00 00 00 00 00 0b 00 00 00 00 00 00 00 00 00 |................|
096-111: 00 00 0c 00 00 00 00 00 00 00 00 00 00 00 c0 00 |................|
112-127: 00 00 00 00 00 00 00 00 00 00 c1 00 00 00 00 00 |................|
128-143: 00 00 00 00 00 00 c2 00 00 00 00 00 00 00 00 00 |................|
144-159: 00 00 c4 00 00 00 00 00 00 00 00 00 00 00 c5 00 |................|
160-175: 00 00 00 00 00 00 00 00 00 00 c6 00 00 00 00 00 |................|
176-191: 00 00 00 00 00 00 c7 00 00 00 00 00 00 00 00 00 |................|
192-207: 00 00 c8 00 c8 c8 c8 c8 c8 c8 c8 c8 00 00 00 00 |................|
208-223: 00 00 00 00 00 00 00 00 00 00 00 00 00 00 00 00 |................|
224-239: 00 00 00 00 00 00 00 00 00 00 00 00 00 00 00 00 |................|
240-255: 00 00 00 00 00 00 00 00 00 00 00 00 00 00 00 00 |................|
256-271: 00 00 00 00 00 00 00 00 00 00 00 00 00 00 00 00 |................|
272-287: 00 00 00 00 00 00 00 00 00 00 00 00 00 00 00 00 |................|
288-303: 00 00 00 00 00 00 00 00 00 00 00 00 00 00 00 00 |................|
304-319: 00 00 00 00 00 00 00 00 00 00 00 00 00 00 00 00 |................|
320-335: 00 00 00 00 00 00 00 00 00 00 00 00 00 00 00 00 |................|
336-351: 00 00 00 00 00 00 00 00 00 00 00 00 00 00 00 00 |................|
352-367: 00 00 00 00 00 00 00 00 00 00 00 00 e8 25 01 7b |.............%.{|
368-383: 03 00 01 00 02 ff 05 04 03 00 00 00 00 00 00 00 |................|
384-399: 00 00 01 08 00 00 00 00 00 00 00 00 00 00 00 00 |................|
400-415: 00 00 00 00 00 00 00 00 00 00 00 00 00 00 00 00 |................|
416-431: 00 00 00 00 00 00 00 00 00 00 00 00 00 00 00 00 |................|
432-447: 00 00 00 00 00 00 00 00 00 00 00 00 00 00 00 00 |................|
448-463: 00 00 00 00 00 00 00 00 00 00 00 00 00 00 00 00 |................|
464-479: 00 00 00 00 00 00 00 00 00 00 00 00 00 00 00 00 |................|
480-495: 00 00 00 00 00 00 00 00 00 00 00 00 00 00 00 00 |................|
496-511: 00 00 00 00 00 00 00 00 00 00 00 00 00 00 00 b5 |................|
===== [SMART READ ATTRIBUTE THRESHOLDS] DATA END (512 Bytes) =====

Warning! SMART Attribute Thresholds Structure error: invalid SMART checksum.
=== START OF READ SMART DATA SECTION ===
SMART Attributes Data Structure revision number: 16
Vendor Specific SMART Attributes with Thresholds:
ID# ATTRIBUTE_NAME          FLAG     VALUE WORST THRESH TYPE      UPDATED  WHEN_FAILED RAW_VALUE
  1 Raw_Read_Error_Rate     0x002f   200   200   051    Pre-fail  Always       -       0
  3 Spin_Up_Time            0x0027   100   253   021    Pre-fail  Always       -       0
  4 Start_Stop_Count        0x0032   100   100   000    Old_age   Always       -       3
  5 Reallocated_Sector_Ct   0x0033   200   200   140    Pre-fail  Always       -       0
  7 Seek_Error_Rate         0x002e   200   200   000    Old_age   Always       -       0
  9 Power_On_Hours          0x0032   100   100   000    Old_age   Always       -       63
 10 Spin_Retry_Count        0x0032   100   253   000    Old_age   Always       -       0
 11 Calibration_Retry_Count 0x0032   100   253   000    Old_age   Always       -       0
 12 Power_Cycle_Count       0x0032   100   100   000    Old_age   Always       -       3
192 Power-Off_Retract_Count 0x0032   200   200   000    Old_age   Always       -       1
193 Load_Cycle_Count        0x0032   200   200   000    Old_age   Always       -       18
194 Temperature_Celsius     0x0022   115   104   000    Old_age   Always       -       37
196 Reallocated_Event_Count 0x0032   200   200   000    Old_age   Always       -       0
197 Current_Pending_Sector  0x0032   200   200   000    Old_age   Always       -       0
198 Offline_Uncorrectable   0x0030   100   253   000    Old_age   Offline      -       0
199 UDMA_CRC_Error_Count    0x0032   200   200   000    Old_age   Always       -       0
200 Multi_Zone_Error_Rate   0x0008   200   200   000    Old_age   Offline      -       0

