smartctl 5.40 2010-03-16 r3077 [x86_64-unknown-linux-gnu] (local build)
Copyright (C) 2002-10 by Bruce Allen, http://smartmontools.sourceforge.net


REPORT-IOCTL: Device=/dev/sdf Command=IDENTIFY DEVICE
 Input:   FR=...., SC=0x01, LL=...., LM=...., LH=...., DEV=...., CMD=0xec IN
REPORT-IOCTL: Device=/dev/sdf Command=IDENTIFY DEVICE returned 0

===== [IDENTIFY DEVICE] DATA START (BASE-16) =====
000-015: 5a 04 ff 3f 37 c8 10 00 56 88 00 00 3f 00 00 00 |Z..?7...V...?...|
016-031: 00 00 00 00 58 58 58 58 58 58 58 58 58 58 58 58 |....XXXXXXXXXXXX|
032-047: 58 58 58 58 58 58 58 58 03 00 31 0f 00 00 41 33 |XXXXXXXX..1...A3|
048-063: 31 55 2d 30 31 30 41 53 53 4d 4e 55 20 47 53 48 |1U-010ASSMNU GSH|
064-079: 35 32 4a 59 20 5a 00 00 00 00 00 00 00 00 00 00 |52JY Z..........|
080-095: 00 00 00 00 00 00 00 00 00 00 00 00 00 00 10 80 |................|
096-111: 00 00 00 2f 00 40 00 02 00 02 07 00 ff 3f 10 00 |.../.@.......?..|
112-127: 3f 00 10 fc fb 00 00 00 ff ff ff 0f 00 00 07 00 |?...............|
128-143: 03 00 78 00 78 00 78 00 78 00 00 00 00 00 00 00 |..x.x.x.x.......|
144-159: 00 00 00 00 00 00 00 00 00 00 00 00 00 00 00 00 |................|
160-175: fe 00 1c 00 6b 34 09 7f 23 60 69 34 09 3c 23 60 |....k4..#`i4.<#`|
176-191: 3f 20 50 00 50 00 80 00 fe ff 01 69 00 fe 00 00 |? P.P......i....|
192-207: 00 00 00 00 00 00 00 00 2e 8b a3 03 00 00 00 00 |................|
208-223: 00 00 00 00 00 50 00 00 00 00 00 00 00 00 00 00 |.....P..........|
224-239: 00 00 00 00 00 00 00 00 00 00 00 08 00 00 00 00 |................|
240-255: 00 00 00 00 00 00 00 00 00 00 00 00 00 00 00 00 |................|
256-271: 21 00 00 00 00 00 00 00 00 00 00 00 00 00 00 00 |!...............|
272-287: 00 00 00 00 00 00 00 00 00 00 00 00 00 00 00 00 |................|
288-303: 00 00 00 00 00 00 00 00 00 00 00 00 00 00 80 03 |................|
304-319: 00 00 00 00 00 00 00 00 00 00 00 00 00 00 00 00 |................|
320-335: 00 00 00 00 00 00 00 00 00 00 00 00 00 00 00 00 |................|
336-351: 00 00 00 00 00 00 00 00 00 00 00 00 00 00 00 00 |................|
352-367: 00 00 00 00 00 00 00 00 00 00 00 00 00 00 00 00 |................|
368-383: 00 00 00 00 00 00 00 00 00 00 00 00 00 00 00 00 |................|
384-399: 00 00 00 00 00 00 00 00 00 00 00 00 00 00 00 00 |................|
400-415: 00 00 00 00 00 00 00 00 00 00 00 00 00 00 00 00 |................|
416-431: 00 00 00 00 00 00 00 00 00 00 00 00 00 00 00 00 |................|
432-447: 00 00 00 00 00 00 00 00 00 00 00 00 00 00 00 00 |................|
448-463: 00 00 00 00 00 00 00 00 00 00 00 00 00 00 00 00 |................|
464-479: 00 00 00 00 00 00 00 00 00 00 00 00 00 00 00 00 |................|
480-495: 00 00 00 00 00 00 00 00 00 00 00 00 00 00 00 00 |................|
496-511: 00 00 00 00 00 00 00 00 00 00 00 00 00 00 a5 5f |..............._|
===== [IDENTIFY DEVICE] DATA END (512 Bytes) =====

=== START OF INFORMATION SECTION ===
Device Model:     SAMSUNG HS25YJZ
Firmware Version: 3AU10-01
User Capacity:    137.438.952.960 bytes
Device is:        Not in smartctl database [for details use: -P showall]
ATA Version is:   6
ATA Standard is:  ATA/ATAPI-6 T13 1410D revision 1
Local Time is:    Mon Apr  4 14:22:31 2011 CEST
SMART support is: Available - device has SMART capability.
SMART support is: Enabled


REPORT-IOCTL: Device=/dev/sdf Command=SMART STATUS
 Input:   FR=0xda, SC=...., LL=...., LM=0x4f, LH=0xc2, DEV=...., CMD=0xb0
REPORT-IOCTL: Device=/dev/sdf Command=SMART STATUS returned 0

REPORT-IOCTL: Device=/dev/sdf Command=SMART STATUS CHECK
 Input:   FR=0xda, SC=...., LL=...., LM=0x4f, LH=0xc2, DEV=...., CMD=0xb0
 Output: ERR=...., SC=...., LL=...., LM=0x4f, LH=0xc2, DEV=...., STS=....
REPORT-IOCTL: Device=/dev/sdf Command=SMART STATUS CHECK returned 0

REPORT-IOCTL: Device=/dev/sdf Command=SMART READ ATTRIBUTE VALUES
 Input:   FR=0xd0, SC=0x01, LL=...., LM=0x4f, LH=0xc2, DEV=...., CMD=0xb0 IN
REPORT-IOCTL: Device=/dev/sdf Command=SMART READ ATTRIBUTE VALUES returned 0

===== [SMART READ ATTRIBUTE VALUES] DATA START (BASE-16) =====
000-015: 04 00 01 0f 00 fc fc 00 00 00 00 00 00 00 03 07 |................|
016-031: 00 5a 5a d1 09 00 00 00 00 00 04 32 00 64 64 20 |.ZZ........2.dd |
032-047: 00 00 00 00 00 00 05 33 00 fc fc 00 00 00 00 00 |.......3........|
048-063: 00 00 07 0e 00 fc fc 00 00 00 00 00 00 00 08 24 |...............$|
064-079: 00 fc fc 00 00 00 00 00 00 00 09 32 00 64 64 15 |...........2.dd.|
080-095: 00 00 00 00 00 00 0a 32 00 fc fc 00 00 00 00 00 |.......2........|
096-111: 00 00 0c 32 00 64 64 07 00 00 00 00 00 00 bf 32 |...2.dd........2|
112-127: 00 fc fc 00 00 00 00 00 00 00 c0 32 00 64 64 08 |...........2.dd.|
128-143: 00 00 00 00 00 00 c2 22 00 a3 73 19 00 15 00 29 |......."..s....)|
144-159: 00 00 c3 1a 00 64 64 54 8d 02 00 00 00 00 c4 32 |.....ddT.......2|
160-175: 00 fc fc 00 00 00 00 00 00 00 c5 12 00 fc fc 00 |................|
176-191: 00 00 00 00 00 00 c6 30 00 fc fc 00 00 00 00 00 |.......0........|
192-207: 00 00 c7 36 00 c8 c8 00 00 00 00 00 00 00 c8 0a |...6............|
208-223: 00 64 64 00 00 00 00 00 00 00 c9 32 00 fc fc 00 |.dd........2....|
224-239: 00 00 00 00 00 00 df 32 00 fc fc 00 00 00 00 00 |.......2........|
240-255: 00 00 e1 32 00 64 64 03 01 00 00 00 00 00 ff 0a |...2.dd.........|
256-271: 00 fc fc 00 00 00 00 00 00 00 00 00 00 00 00 00 |................|
272-287: 00 00 00 00 00 00 00 00 00 00 00 00 00 00 00 00 |................|
288-303: 00 00 00 00 00 00 00 00 00 00 00 00 00 00 00 00 |................|
304-319: 00 00 00 00 00 00 00 00 00 00 00 00 00 00 00 00 |................|
320-335: 00 00 00 00 00 00 00 00 00 00 00 00 00 00 00 00 |................|
336-351: 00 00 00 00 00 00 00 00 00 00 00 00 00 00 00 00 |................|
352-367: 00 00 00 00 00 00 00 00 00 00 00 00 00 00 00 59 |...............Y|
368-383: 03 00 01 00 02 7b 00 00 00 00 00 00 00 00 00 00 |.....{..........|
384-399: 00 00 00 00 00 00 00 00 00 00 00 00 00 00 00 00 |................|
400-415: 00 00 00 00 00 00 00 00 00 00 00 00 00 00 00 00 |................|
416-431: 00 00 00 00 00 00 00 00 00 00 00 00 00 00 00 00 |................|
432-447: 00 00 00 00 00 00 00 00 00 00 00 00 00 00 00 00 |................|
448-463: 00 00 00 00 00 00 00 00 00 00 00 00 00 00 00 00 |................|
464-479: 00 00 00 00 00 00 00 00 00 00 00 00 00 00 00 00 |................|
480-495: 00 00 00 00 00 00 00 00 00 00 00 00 00 00 00 00 |................|
496-511: 00 00 00 00 00 00 00 00 00 00 00 00 00 00 00 78 |...............x|
===== [SMART READ ATTRIBUTE VALUES] DATA END (512 Bytes) =====


REPORT-IOCTL: Device=/dev/sdf Command=SMART READ ATTRIBUTE THRESHOLDS
 Input:   FR=0xd1, SC=0x01, LL=0x01, LM=0x4f, LH=0xc2, DEV=...., CMD=0xb0 IN
REPORT-IOCTL: Device=/dev/sdf Command=SMART READ ATTRIBUTE THRESHOLDS returned 0

===== [SMART READ ATTRIBUTE THRESHOLDS] DATA START (BASE-16) =====
000-015: 04 00 01 33 00 00 00 00 00 00 00 00 00 00 03 19 |...3............|
016-031: 00 00 00 00 00 00 00 00 00 00 04 00 00 00 00 00 |................|
032-047: 00 00 00 00 00 00 05 0a 00 00 00 00 00 00 00 00 |................|
048-063: 00 00 07 00 00 00 00 00 00 00 00 00 00 00 08 00 |................|
064-079: 00 00 00 00 00 00 00 00 00 00 09 00 00 00 00 00 |................|
080-095: 00 00 00 00 00 00 0a 00 00 00 00 00 00 00 00 00 |................|
096-111: 00 00 0c 00 00 00 00 00 00 00 00 00 00 00 bf 00 |................|
112-127: 00 00 00 00 00 00 00 00 00 00 c0 00 00 00 00 00 |................|
128-143: 00 00 00 00 00 00 c2 00 00 00 00 00 00 00 00 00 |................|
144-159: 00 00 c3 00 00 00 00 00 00 00 00 00 00 00 c4 00 |................|
160-175: 00 00 00 00 00 00 00 00 00 00 c5 00 00 00 00 00 |................|
176-191: 00 00 00 00 00 00 c6 00 00 00 00 00 00 00 00 00 |................|
192-207: 00 00 c7 00 00 00 00 00 00 00 00 00 00 00 c8 00 |................|
208-223: 00 00 00 00 00 00 00 00 00 00 c9 00 00 00 00 00 |................|
224-239: 00 00 00 00 00 00 df 00 00 00 00 00 00 00 00 00 |................|
240-255: 00 00 e1 00 00 00 00 00 00 00 00 00 00 00 fe 00 |................|
256-271: 00 00 00 00 00 00 00 00 00 00 ff 00 00 00 00 00 |................|
272-287: 00 00 00 00 00 00 00 00 00 00 00 00 00 00 00 00 |................|
288-303: 00 00 00 00 00 00 00 00 00 00 00 00 00 00 00 00 |................|
304-319: 00 00 00 00 00 00 00 00 00 00 00 00 00 00 00 00 |................|
320-335: 00 00 00 00 00 00 00 00 00 00 00 00 00 00 00 00 |................|
336-351: 00 00 00 00 00 00 00 00 00 00 00 00 00 00 00 00 |................|
352-367: 00 00 00 00 00 00 00 00 00 00 00 00 00 00 00 00 |................|
368-383: 00 00 00 00 00 00 00 00 00 00 00 00 00 00 00 00 |................|
384-399: 00 00 00 00 00 00 00 00 00 00 00 00 00 00 00 00 |................|
400-415: 00 00 00 00 00 00 00 00 00 00 00 00 00 00 00 00 |................|
416-431: 00 00 00 00 00 00 00 00 00 00 00 00 00 00 00 00 |................|
432-447: 00 00 00 00 00 00 00 00 00 00 00 00 00 00 00 00 |................|
448-463: 00 00 00 00 00 00 00 00 00 00 00 00 00 00 00 00 |................|
464-479: 00 00 00 00 00 00 00 00 00 00 00 00 00 00 00 00 |................|
480-495: 00 00 00 00 00 00 00 00 00 00 00 00 00 00 00 00 |................|
496-511: 00 00 00 00 00 00 00 00 00 00 00 00 00 00 00 03 |................|
===== [SMART READ ATTRIBUTE THRESHOLDS] DATA END (512 Bytes) =====

