smartctl 7.3 2022-02-28 r5338 [x86_64-linux-4.14.22] (localbuild)
Copyright (C) 2002-22, Bruce Allen, Christian Franke, www.smartmontools.org

sdc -> /sys/class/scsi_host/host2/proc_name: "ahci"
>>>> do_scsi_cmnd_io: sg_io_ver=3
 [inquiry: 12 00 00 00 24 00 ]
  scsi_status=0x0, sg_transport_status=0x0, sg_driver_status=0x0
  sg_info=0x0  sg_duration=0 milliseconds  resid=0
  Incoming data, len=36:
 00     00 00 05 02 5b 00 00 02  41 54 41 20 20 20 20 20
 10     57 44 43 20 57 44 31 32  31 4b 46 42 58 2d 36 38
 20     30 41 38 33
>>>> do_scsi_cmnd_io: sg_io_ver=3
 [ata pass-through(16): 85 08 0e 00 00 00 01 00 00 00 00 00 00 00 ec 00 ]
  scsi_status=0x0, sg_transport_status=0x0, sg_driver_status=0x0
  sg_info=0x0  sg_duration=1 milliseconds  resid=0
  Incoming data, len=512 [only first 256 bytes shown]:
 00     5a 04 ff 3f 37 c8 10 00  00 00 00 00 3f 00 00 00
 10     00 00 00 00 51 35 4c 4b  52 34 42 41 20 20 20 20
 20     20 20 20 20 20 20 20 20  03 00 00 00 38 00 33 38
 30     30 2e 41 30 33 38 44 57  20 43 44 57 32 31 4b 31
 40     42 46 2d 58 38 36 46 45  4e 35 20 30 20 20 20 20
 50     20 20 20 20 20 20 20 20  20 20 20 20 20 20 10 80
 60     00 40 00 2f 00 40 00 02  00 02 07 00 ff 3f 10 00
 70     3f 00 10 fc fb 00 00 59  ff ff ff 0f 00 00 07 00
 80     03 00 78 00 78 00 78 00  78 00 08 0c 00 00 00 00
 90     00 00 00 00 00 00 1f 00  0e 97 76 00 de 0c 44 00
 a0     fc 03 29 00 6b 74 69 7d  73 47 69 74 49 bc 73 47
 b0     7f 40 31 82 00 00 a4 00  fe ff 00 00 00 00 08 00
 c0     ca 00 f9 00 10 27 00 00  00 00 00 75 05 00 00 00
 d0     ca 00 00 00 03 60 87 5a  00 50 a2 cc f2 b0 e9 86
 e0     00 00 00 00 00 00 00 00  00 00 00 00 00 00 dc 40
 f0     5c 40 00 00 00 00 00 00  00 00 00 00 00 00 00 00
/dev/sdc [SAT]: Device open changed type from 'scsi' to 'sat'

REPORT-IOCTL: Device=/dev/sdc Command=IDENTIFY DEVICE
 Input:   FR=...., SC=0x01, LL=...., LM=...., LH=...., DEV=...., CMD=0xec IN
>>>> do_scsi_cmnd_io: sg_io_ver=3
 [ata pass-through(16): 85 08 0e 00 00 00 01 00 00 00 00 00 00 00 ec 00 ]
  scsi_status=0x0, sg_transport_status=0x0, sg_driver_status=0x0
  sg_info=0x0  sg_duration=0 milliseconds  resid=0
  Incoming data, len=512 [only first 256 bytes shown]:
 00     5a 04 ff 3f 37 c8 10 00  00 00 00 00 3f 00 00 00
 10     00 00 00 00 51 35 4c 4b  52 34 42 41 20 20 20 20
 20     20 20 20 20 20 20 20 20  03 00 00 00 38 00 33 38
 30     30 2e 41 30 33 38 44 57  20 43 44 57 32 31 4b 31
 40     42 46 2d 58 38 36 46 45  4e 35 20 30 20 20 20 20
 50     20 20 20 20 20 20 20 20  20 20 20 20 20 20 10 80
 60     00 40 00 2f 00 40 00 02  00 02 07 00 ff 3f 10 00
 70     3f 00 10 fc fb 00 00 59  ff ff ff 0f 00 00 07 00
 80     03 00 78 00 78 00 78 00  78 00 08 0c 00 00 00 00
 90     00 00 00 00 00 00 1f 00  0e 97 76 00 de 0c 44 00
 a0     fc 03 29 00 6b 74 69 7d  73 47 69 74 49 bc 73 47
 b0     7f 40 31 82 00 00 a4 00  fe ff 00 00 00 00 08 00
 c0     ca 00 f9 00 10 27 00 00  00 00 00 75 05 00 00 00
 d0     ca 00 00 00 03 60 87 5a  00 50 a2 cc f2 b0 e9 86
 e0     00 00 00 00 00 00 00 00  00 00 00 00 00 00 dc 40
 f0     5c 40 00 00 00 00 00 00  00 00 00 00 00 00 00 00
 [Duration: 0.000453s]
REPORT-IOCTL: Device=/dev/sdc Command=IDENTIFY DEVICE returned 0

===== [IDENTIFY DEVICE] DATA START (BASE-16) =====
000-015: 5a 04 ff 3f 37 c8 10 00 00 00 00 00 3f 00 00 00 |Z..?7.......?...|
016-031: 00 00 00 00 51 35 4c 4b 52 34 42 41 20 20 20 20 |....Q5LKR4BA    |
032-047: 20 20 20 20 20 20 20 20 03 00 00 00 38 00 33 38 |        ....8.38|
048-063: 30 2e 41 30 33 38 44 57 20 43 44 57 32 31 4b 31 |0.A038DW CDW21K1|
064-079: 42 46 2d 58 38 36 46 45 4e 35 20 30 20 20 20 20 |BF-X86FEN5 0    |
080-095: 20 20 20 20 20 20 20 20 20 20 20 20 20 20 10 80 |              ..|
096-111: 00 40 00 2f 00 40 00 02 00 02 07 00 ff 3f 10 00 |.@./.@.......?..|
112-127: 3f 00 10 fc fb 00 00 59 ff ff ff 0f 00 00 07 00 |?......Y........|
128-143: 03 00 78 00 78 00 78 00 78 00 08 0c 00 00 00 00 |..x.x.x.x.......|
144-159: 00 00 00 00 00 00 1f 00 0e 97 76 00 de 0c 44 00 |..........v...D.|
160-175: fc 03 29 00 6b 74 69 7d 73 47 69 74 49 bc 73 47 |..).kti}sGitI.sG|
176-191: 7f 40 31 82 00 00 a4 00 fe ff 00 00 00 00 08 00 |.@1.............|
192-207: ca 00 f9 00 10 27 00 00 00 00 00 75 05 00 00 00 |.....'.....u....|
208-223: ca 00 00 00 03 60 87 5a 00 50 a2 cc f2 b0 e9 86 |.....`.Z.P......|
224-239: 00 00 00 00 00 00 00 00 00 00 00 00 00 00 dc 40 |...............@|
240-255: 5c 40 00 00 00 00 00 00 00 00 00 00 00 00 00 00 |\@..............|
256-271: 01 00 0b 00 00 00 00 00 00 00 00 00 00 00 00 00 |................|
272-287: 00 00 00 08 00 00 00 00 00 00 01 80 00 00 00 00 |................|
288-303: 00 00 00 00 00 00 00 00 00 00 00 00 00 00 08 00 |................|
304-319: 4f 57 00 00 00 00 00 00 00 00 00 00 00 00 00 00 |OW..............|
320-335: 00 00 00 00 00 00 00 00 00 00 00 00 00 00 00 00 |................|
336-351: 02 00 00 00 00 00 00 00 00 00 00 00 00 00 00 00 |................|
352-367: 00 00 00 00 00 00 00 00 00 00 00 00 00 00 00 00 |................|
368-383: 00 00 00 00 00 00 00 00 00 00 00 00 00 00 00 00 |................|
384-399: 00 00 00 00 00 00 00 00 00 00 00 00 00 00 00 00 |................|
400-415: 00 00 00 00 00 00 00 00 00 00 00 00 3d 00 00 00 |............=...|
416-431: 00 00 00 40 00 00 00 00 00 00 00 00 00 00 00 00 |...@............|
432-447: 00 00 20 1c 00 00 00 00 00 00 00 00 ff 10 21 00 |.. ...........!.|
448-463: 00 00 00 00 00 00 00 00 00 00 00 00 00 00 00 75 |...............u|
464-479: 05 00 00 00 08 00 00 00 00 00 00 00 00 00 00 00 |................|
480-495: 00 00 00 00 00 00 00 00 00 00 00 00 00 00 00 00 |................|
496-511: 00 00 00 00 00 00 00 00 00 00 00 00 00 00 a5 9a |................|
===== [IDENTIFY DEVICE] DATA END (512 Bytes) =====

=== START OF INFORMATION SECTION ===
Device Model:     WDC WD121KFBX-68EF5N0
Serial Number:    5QKL4RAB
LU WWN Device Id: 5 000cca 2b0f286e9
Firmware Version: 83.00A83
User Capacity:    12,000,138,625,024 bytes [12.0 TB]
Sector Sizes:     512 bytes logical, 4096 bytes physical
Rotation Rate:    7200 rpm
Form Factor:      3.5 inches
Device is:        Not in smartctl database 7.3/5319
ATA Version is:   ACS-2, ATA8-ACS T13/1699-D revision 4
SATA Version is:  SATA 3.2, 6.0 Gb/s (current: 6.0 Gb/s)
Local Time is:    Tue Dec 13 09:01:45 2022 CST
SMART support is: Available - device has SMART capability.
SMART support is: Enabled


REPORT-IOCTL: Device=/dev/sdc Command=SMART READ ATTRIBUTE VALUES
 Input:   FR=0xd0, SC=0x01, LL=...., LM=0x4f, LH=0xc2, DEV=...., CMD=0xb0 IN
>>>> do_scsi_cmnd_io: sg_io_ver=3
 [ata pass-through(16): 85 08 0e 00 d0 00 01 00 00 00 4f 00 c2 00 b0 00 ]
  scsi_status=0x0, sg_transport_status=0x0, sg_driver_status=0x0
  sg_info=0x0  sg_duration=3 milliseconds  resid=0
  Incoming data, len=512 [only first 256 bytes shown]:
 00     10 00 01 0b 00 64 64 00  00 00 00 00 00 00 02 04
 10     00 84 84 60 00 00 00 00  00 00 03 07 00 64 64 00
 20     00 00 00 08 00 00 04 12  00 64 64 04 00 00 00 00
 30     00 00 05 33 00 64 64 00  00 00 00 00 00 00 07 0a
 40     00 64 64 00 00 00 00 00  00 00 08 04 00 8c 8c 0f
 50     00 00 00 00 00 00 09 12  00 64 64 65 00 00 00 00
 60     00 00 0a 12 00 64 64 00  00 00 00 00 00 00 0c 32
 70     00 64 64 03 00 00 00 00  00 00 16 23 00 64 64 64
 80     00 00 00 00 00 00 c0 32  00 64 64 08 00 00 00 00
 90     00 00 c1 12 00 64 64 08  00 00 00 00 00 00 c2 02
 a0     00 88 88 2c 00 15 00 37  00 00 c4 32 00 64 64 00
 b0     00 00 00 00 00 00 c5 22  00 64 64 00 00 00 00 00
 c0     00 00 c6 08 00 64 64 00  00 00 00 00 00 00 c7 0a
 d0     00 c8 c8 00 00 00 00 00  00 00 00 00 00 00 00 00
 e0     00 00 00 00 00 00 00 00  00 00 00 00 00 00 00 00
 f0     00 00 00 00 00 00 00 00  00 00 00 00 00 00 00 00
 [Duration: 0.004197s]
REPORT-IOCTL: Device=/dev/sdc Command=SMART READ ATTRIBUTE VALUES returned 0

===== [SMART READ ATTRIBUTE VALUES] DATA START (BASE-16) =====
000-015: 10 00 01 0b 00 64 64 00 00 00 00 00 00 00 02 04 |.....dd.........|
016-031: 00 84 84 60 00 00 00 00 00 00 03 07 00 64 64 00 |...`.........dd.|
032-047: 00 00 00 08 00 00 04 12 00 64 64 04 00 00 00 00 |.........dd.....|
048-063: 00 00 05 33 00 64 64 00 00 00 00 00 00 00 07 0a |...3.dd.........|
064-079: 00 64 64 00 00 00 00 00 00 00 08 04 00 8c 8c 0f |.dd.............|
080-095: 00 00 00 00 00 00 09 12 00 64 64 65 00 00 00 00 |.........dde....|
096-111: 00 00 0a 12 00 64 64 00 00 00 00 00 00 00 0c 32 |.....dd........2|
112-127: 00 64 64 03 00 00 00 00 00 00 16 23 00 64 64 64 |.dd........#.ddd|
128-143: 00 00 00 00 00 00 c0 32 00 64 64 08 00 00 00 00 |.......2.dd.....|
144-159: 00 00 c1 12 00 64 64 08 00 00 00 00 00 00 c2 02 |.....dd.........|
160-175: 00 88 88 2c 00 15 00 37 00 00 c4 32 00 64 64 00 |...,...7...2.dd.|
176-191: 00 00 00 00 00 00 c5 22 00 64 64 00 00 00 00 00 |.......".dd.....|
192-207: 00 00 c6 08 00 64 64 00 00 00 00 00 00 00 c7 0a |.....dd.........|
208-223: 00 c8 c8 00 00 00 00 00 00 00 00 00 00 00 00 00 |................|
224-239: 00 00 00 00 00 00 00 00 00 00 00 00 00 00 00 00 |................|
240-255: 00 00 00 00 00 00 00 00 00 00 00 00 00 00 00 00 |................|
256-271: 00 00 00 00 00 00 00 00 00 00 00 00 00 00 00 00 |................|
272-287: 00 00 00 00 00 00 00 00 00 00 00 00 00 00 00 00 |................|
288-303: 00 00 00 00 00 00 00 00 00 00 00 00 00 00 00 00 |................|
304-319: 00 00 00 00 00 00 00 00 00 00 00 00 00 00 00 00 |................|
320-335: 00 00 00 00 00 00 00 00 00 00 00 00 00 00 00 00 |................|
336-351: 00 00 00 00 00 00 00 00 00 00 00 00 00 00 00 00 |................|
352-367: 00 00 00 00 00 00 00 00 00 00 82 00 57 00 00 5b |............W..[|
368-383: 03 00 01 00 02 ff 00 f2 04 00 00 00 00 00 00 00 |................|
384-399: 00 00 00 00 00 00 00 00 00 00 00 00 00 00 00 00 |................|
400-415: 00 00 00 00 00 00 00 00 00 00 00 00 00 00 00 00 |................|
416-431: 00 00 00 00 00 00 00 00 00 00 00 00 00 00 00 00 |................|
432-447: 00 00 00 00 00 00 00 00 00 00 00 00 00 00 00 00 |................|
448-463: 00 00 00 00 00 00 00 00 00 00 00 00 00 00 00 00 |................|
464-479: 00 00 00 00 00 00 00 00 00 00 00 00 00 00 00 00 |................|
480-495: 00 00 00 00 00 00 00 00 00 00 00 00 00 00 00 00 |................|
496-511: 00 00 00 00 00 00 00 00 00 00 00 00 00 00 00 08 |................|
===== [SMART READ ATTRIBUTE VALUES] DATA END (512 Bytes) =====


REPORT-IOCTL: Device=/dev/sdc Command=SMART READ ATTRIBUTE THRESHOLDS
 Input:   FR=0xd1, SC=0x01, LL=0x01, LM=0x4f, LH=0xc2, DEV=...., CMD=0xb0 IN
>>>> do_scsi_cmnd_io: sg_io_ver=3
 [ata pass-through(16): 85 08 0e 00 d1 00 01 00 01 00 4f 00 c2 00 b0 00 ]
  scsi_status=0x0, sg_transport_status=0x0, sg_driver_status=0x0
  sg_info=0x0  sg_duration=1 milliseconds  resid=0
  Incoming data, len=512 [only first 256 bytes shown]:
 00     10 00 01 10 00 00 00 00  00 00 00 00 00 00 02 36
 10     00 00 00 00 00 00 00 00  00 00 03 18 00 00 00 00
 20     00 00 00 00 00 00 04 00  00 00 00 00 00 00 00 00
 30     00 00 05 05 00 00 00 00  00 00 00 00 00 00 07 43
 40     00 00 00 00 00 00 00 00  00 00 08 14 00 00 00 00
 50     00 00 00 00 00 00 09 00  00 00 00 00 00 00 00 00
 60     00 00 0a 3c 00 00 00 00  00 00 00 00 00 00 0c 00
 70     00 00 00 00 00 00 00 00  00 00 16 19 00 00 00 00
 80     00 00 00 00 00 00 c0 00  00 00 00 00 00 00 00 00
 90     00 00 c1 00 00 00 00 00  00 00 00 00 00 00 c2 00
 a0     00 00 00 00 00 00 00 00  00 00 c4 00 00 00 00 00
 b0     00 00 00 00 00 00 c5 00  00 00 00 00 00 00 00 00
 c0     00 00 c6 00 00 00 00 00  00 00 00 00 00 00 c7 00
 d0     00 00 00 00 00 00 00 00  00 00 00 00 00 00 00 00
 e0     00 00 00 00 00 00 00 00  00 00 00 00 00 00 00 00
 f0     00 00 00 00 00 00 00 00  00 00 00 00 00 00 00 00
 [Duration: 0.001442s]
REPORT-IOCTL: Device=/dev/sdc Command=SMART READ ATTRIBUTE THRESHOLDS returned 0

===== [SMART READ ATTRIBUTE THRESHOLDS] DATA START (BASE-16) =====
000-015: 10 00 01 10 00 00 00 00 00 00 00 00 00 00 02 36 |...............6|
016-031: 00 00 00 00 00 00 00 00 00 00 03 18 00 00 00 00 |................|
032-047: 00 00 00 00 00 00 04 00 00 00 00 00 00 00 00 00 |................|
048-063: 00 00 05 05 00 00 00 00 00 00 00 00 00 00 07 43 |...............C|
064-079: 00 00 00 00 00 00 00 00 00 00 08 14 00 00 00 00 |................|
080-095: 00 00 00 00 00 00 09 00 00 00 00 00 00 00 00 00 |................|
096-111: 00 00 0a 3c 00 00 00 00 00 00 00 00 00 00 0c 00 |...<............|
112-127: 00 00 00 00 00 00 00 00 00 00 16 19 00 00 00 00 |................|
128-143: 00 00 00 00 00 00 c0 00 00 00 00 00 00 00 00 00 |................|
144-159: 00 00 c1 00 00 00 00 00 00 00 00 00 00 00 c2 00 |................|
160-175: 00 00 00 00 00 00 00 00 00 00 c4 00 00 00 00 00 |................|
176-191: 00 00 00 00 00 00 c5 00 00 00 00 00 00 00 00 00 |................|
192-207: 00 00 c6 00 00 00 00 00 00 00 00 00 00 00 c7 00 |................|
208-223: 00 00 00 00 00 00 00 00 00 00 00 00 00 00 00 00 |................|
224-239: 00 00 00 00 00 00 00 00 00 00 00 00 00 00 00 00 |................|
240-255: 00 00 00 00 00 00 00 00 00 00 00 00 00 00 00 00 |................|
256-271: 00 00 00 00 00 00 00 00 00 00 00 00 00 00 00 00 |................|
272-287: 00 00 00 00 00 00 00 00 00 00 00 00 00 00 00 00 |................|
288-303: 00 00 00 00 00 00 00 00 00 00 00 00 00 00 00 00 |................|
304-319: 00 00 00 00 00 00 00 00 00 00 00 00 00 00 00 00 |................|
320-335: 00 00 00 00 00 00 00 00 00 00 00 00 00 00 00 00 |................|
336-351: 00 00 00 00 00 00 00 00 00 00 00 00 00 00 00 00 |................|
352-367: 00 00 00 00 00 00 00 00 00 00 00 00 00 00 00 00 |................|
368-383: 00 00 00 00 00 00 00 00 00 00 00 00 00 00 00 00 |................|
384-399: 00 00 00 00 00 00 00 00 00 00 00 00 00 00 00 00 |................|
400-415: 00 00 00 00 00 00 00 00 00 00 00 00 00 00 00 00 |................|
416-431: 00 00 00 00 00 00 00 00 00 00 00 00 00 00 00 00 |................|
432-447: 00 00 00 00 00 00 00 00 00 00 00 00 00 00 00 00 |................|
448-463: 00 00 00 00 00 00 00 00 00 00 00 00 00 00 00 00 |................|
464-479: 00 00 00 00 00 00 00 00 00 00 00 00 00 00 00 00 |................|
480-495: 00 00 00 00 00 00 00 00 00 00 00 00 00 00 00 00 |................|
496-511: 00 00 00 00 00 00 00 00 00 00 00 00 00 00 00 35 |...............5|
===== [SMART READ ATTRIBUTE THRESHOLDS] DATA END (512 Bytes) =====

=== START OF READ SMART DATA SECTION ===
SMART Attributes Data Structure revision number: 16
Vendor Specific SMART Attributes with Thresholds:
ID# ATTRIBUTE_NAME          FLAG     VALUE WORST THRESH TYPE      UPDATED  WHEN_FAILED RAW_VALUE
  1 Raw_Read_Error_Rate     0x000b   100   100   016    Pre-fail  Always       -       0
  2 Throughput_Performance  0x0004   132   132   054    Old_age   Offline      -       96
  3 Spin_Up_Time            0x0007   100   100   024    Pre-fail  Always       -       0
  4 Start_Stop_Count        0x0012   100   100   000    Old_age   Always       -       4
  5 Reallocated_Sector_Ct   0x0033   100   100   005    Pre-fail  Always       -       0
  7 Seek_Error_Rate         0x000a   100   100   067    Old_age   Always       -       0
  8 Seek_Time_Performance   0x0004   140   140   020    Old_age   Offline      -       15
  9 Power_On_Hours          0x0012   100   100   000    Old_age   Always       -       101
 10 Spin_Retry_Count        0x0012   100   100   060    Old_age   Always       -       0
 12 Power_Cycle_Count       0x0032   100   100   000    Old_age   Always       -       3
 22 Unknown_Attribute       0x0023   100   100   025    Pre-fail  Always       -       100
192 Power-Off_Retract_Count 0x0032   100   100   000    Old_age   Always       -       8
193 Load_Cycle_Count        0x0012   100   100   000    Old_age   Always       -       8
194 Temperature_Celsius     0x0002   136   136   000    Old_age   Always       -       44 (Min/Max 21/55)
196 Reallocated_Event_Count 0x0032   100   100   000    Old_age   Always       -       0
197 Current_Pending_Sector  0x0022   100   100   000    Old_age   Always       -       0
198 Offline_Uncorrectable   0x0008   100   100   000    Old_age   Offline      -       0
199 UDMA_CRC_Error_Count    0x000a   200   200   000    Old_age   Always       -       0

smartctl 7.3 2022-02-28 r5338 [x86_64-linux-4.14.22] (localbuild)
Copyright (C) 2002-22, Bruce Allen, Christian Franke, www.smartmontools.org

sdc -> /sys/class/scsi_host/host2/proc_name: "ahci"
>>>> do_scsi_cmnd_io: sg_io_ver=3
 [inquiry: 12 00 00 00 24 00 ]
  scsi_status=0x0, sg_transport_status=0x0, sg_driver_status=0x0
  sg_info=0x0  sg_duration=0 milliseconds  resid=0
  Incoming data, len=36:
 00     00 00 05 02 5b 00 00 02  41 54 41 20 20 20 20 20
 10     57 44 43 20 57 44 31 32  31 4b 46 42 58 2d 36 38
 20     30 41 38 33
>>>> do_scsi_cmnd_io: sg_io_ver=3
 [ata pass-through(16): 85 08 0e 00 00 00 01 00 00 00 00 00 00 00 ec 00 ]
  scsi_status=0x0, sg_transport_status=0x0, sg_driver_status=0x0
  sg_info=0x0  sg_duration=0 milliseconds  resid=0
  Incoming data, len=512 [only first 256 bytes shown]:
 00     5a 04 ff 3f 37 c8 10 00  00 00 00 00 3f 00 00 00
 10     00 00 00 00 51 35 4c 4b  52 34 42 41 20 20 20 20
 20     20 20 20 20 20 20 20 20  03 00 00 00 38 00 33 38
 30     30 2e 41 30 33 38 44 57  20 43 44 57 32 31 4b 31
 40     42 46 2d 58 38 36 46 45  4e 35 20 30 20 20 20 20
 50     20 20 20 20 20 20 20 20  20 20 20 20 20 20 10 80
 60     00 40 00 2f 00 40 00 02  00 02 07 00 ff 3f 10 00
 70     3f 00 10 fc fb 00 00 59  ff ff ff 0f 00 00 07 00
 80     03 00 78 00 78 00 78 00  78 00 08 0c 00 00 00 00
 90     00 00 00 00 00 00 1f 00  0e 97 76 00 de 0c 44 00
 a0     fc 03 29 00 6b 74 69 7d  73 47 69 74 49 bc 73 47
 b0     7f 40 31 82 00 00 a4 00  fe ff 00 00 00 00 08 00
 c0     ca 00 f9 00 10 27 00 00  00 00 00 75 05 00 00 00
 d0     ca 00 00 00 03 60 87 5a  00 50 a2 cc f2 b0 e9 86
 e0     00 00 00 00 00 00 00 00  00 00 00 00 00 00 dc 40
 f0     5c 40 00 00 00 00 00 00  00 00 00 00 00 00 00 00
/dev/sdc [SAT]: Device open changed type from 'scsi' to 'sat'

REPORT-IOCTL: Device=/dev/sdc Command=IDENTIFY DEVICE
 Input:   FR=...., SC=0x01, LL=...., LM=...., LH=...., DEV=...., CMD=0xec IN
>>>> do_scsi_cmnd_io: sg_io_ver=3
 [ata pass-through(16): 85 08 0e 00 00 00 01 00 00 00 00 00 00 00 ec 00 ]
  scsi_status=0x0, sg_transport_status=0x0, sg_driver_status=0x0
  sg_info=0x0  sg_duration=0 milliseconds  resid=0
  Incoming data, len=512 [only first 256 bytes shown]:
 00     5a 04 ff 3f 37 c8 10 00  00 00 00 00 3f 00 00 00
 10     00 00 00 00 51 35 4c 4b  52 34 42 41 20 20 20 20
 20     20 20 20 20 20 20 20 20  03 00 00 00 38 00 33 38
 30     30 2e 41 30 33 38 44 57  20 43 44 57 32 31 4b 31
 40     42 46 2d 58 38 36 46 45  4e 35 20 30 20 20 20 20
 50     20 20 20 20 20 20 20 20  20 20 20 20 20 20 10 80
 60     00 40 00 2f 00 40 00 02  00 02 07 00 ff 3f 10 00
 70     3f 00 10 fc fb 00 00 59  ff ff ff 0f 00 00 07 00
 80     03 00 78 00 78 00 78 00  78 00 08 0c 00 00 00 00
 90     00 00 00 00 00 00 1f 00  0e 97 76 00 de 0c 44 00
 a0     fc 03 29 00 6b 74 69 7d  73 47 69 74 49 bc 73 47
 b0     7f 40 31 82 00 00 a4 00  fe ff 00 00 00 00 08 00
 c0     ca 00 f9 00 10 27 00 00  00 00 00 75 05 00 00 00
 d0     ca 00 00 00 03 60 87 5a  00 50 a2 cc f2 b0 e9 86
 e0     00 00 00 00 00 00 00 00  00 00 00 00 00 00 dc 40
 f0     5c 40 00 00 00 00 00 00  00 00 00 00 00 00 00 00
 [Duration: 0.000669s]
REPORT-IOCTL: Device=/dev/sdc Command=IDENTIFY DEVICE returned 0

===== [IDENTIFY DEVICE] DATA START (BASE-16) =====
000-015: 5a 04 ff 3f 37 c8 10 00 00 00 00 00 3f 00 00 00 |Z..?7.......?...|
016-031: 00 00 00 00 58 58 58 58 58 58 58 58 58 58 58 58 |....XXXXXXXXXXXX|
032-047: 58 58 58 58 58 58 58 58 03 00 00 00 38 00 33 38 |XXXXXXXX....8.38|
048-063: 30 2e 41 30 33 38 44 57 20 43 44 57 32 31 4b 31 |0.A038DW CDW21K1|
064-079: 42 46 2d 58 38 36 46 45 4e 35 20 30 20 20 20 20 |BF-X86FEN5 0    |
080-095: 20 20 20 20 20 20 20 20 20 20 20 20 20 20 10 80 |              ..|
096-111: 00 40 00 2f 00 40 00 02 00 02 07 00 ff 3f 10 00 |.@./.@.......?..|
112-127: 3f 00 10 fc fb 00 00 59 ff ff ff 0f 00 00 07 00 |?......Y........|
128-143: 03 00 78 00 78 00 78 00 78 00 08 0c 00 00 00 00 |..x.x.x.x.......|
144-159: 00 00 00 00 00 00 1f 00 0e 97 76 00 de 0c 44 00 |..........v...D.|
160-175: fc 03 29 00 6b 74 69 7d 73 47 69 74 49 bc 73 47 |..).kti}sGitI.sG|
176-191: 7f 40 31 82 00 00 a4 00 fe ff 00 00 00 00 08 00 |.@1.............|
192-207: ca 00 f9 00 10 27 00 00 00 00 00 75 05 00 00 00 |.....'.....u....|
208-223: ca 00 00 00 03 60 87 5a 00 00 00 00 00 00 00 00 |.....`.Z........|
224-239: 00 00 00 00 00 00 00 00 00 00 00 00 00 00 dc 40 |...............@|
240-255: 5c 40 00 00 00 00 00 00 00 00 00 00 00 00 00 00 |\@..............|
256-271: 01 00 0b 00 00 00 00 00 00 00 00 00 00 00 00 00 |................|
272-287: 00 00 00 08 00 00 00 00 00 00 01 80 00 00 00 00 |................|
288-303: 00 00 00 00 00 00 00 00 00 00 00 00 00 00 08 00 |................|
304-319: 4f 57 00 00 00 00 00 00 00 00 00 00 00 00 00 00 |OW..............|
320-335: 00 00 00 00 00 00 00 00 00 00 00 00 00 00 00 00 |................|
336-351: 02 00 00 00 00 00 00 00 00 00 00 00 00 00 00 00 |................|
352-367: 00 00 00 00 00 00 00 00 00 00 00 00 00 00 00 00 |................|
368-383: 00 00 00 00 00 00 00 00 00 00 00 00 00 00 00 00 |................|
384-399: 00 00 00 00 00 00 00 00 00 00 00 00 00 00 00 00 |................|
400-415: 00 00 00 00 00 00 00 00 00 00 00 00 3d 00 00 00 |............=...|
416-431: 00 00 00 40 00 00 00 00 00 00 00 00 00 00 00 00 |...@............|
432-447: 00 00 20 1c 00 00 00 00 00 00 00 00 ff 10 21 00 |.. ...........!.|
448-463: 00 00 00 00 00 00 00 00 00 00 00 00 00 00 00 75 |...............u|
464-479: 05 00 00 00 08 00 00 00 00 00 00 00 00 00 00 00 |................|
480-495: 00 00 00 00 00 00 00 00 00 00 00 00 00 00 00 00 |................|
496-511: 00 00 00 00 00 00 00 00 00 00 00 00 00 00 a5 2f |.............../|
===== [IDENTIFY DEVICE] DATA END (512 Bytes) =====

=== START OF INFORMATION SECTION ===
Device Model:     WDC WD121KFBX-68EF5N0
Firmware Version: 83.00A83
User Capacity:    12,000,138,625,024 bytes [12.0 TB]
Sector Sizes:     512 bytes logical, 4096 bytes physical
Rotation Rate:    7200 rpm
Form Factor:      3.5 inches
Device is:        Not in smartctl database 7.3/5319
ATA Version is:   ACS-2, ATA8-ACS T13/1699-D revision 4
SATA Version is:  SATA 3.2, 6.0 Gb/s (current: 6.0 Gb/s)
Local Time is:    Tue Dec 13 09:03:19 2022 CST
SMART support is: Available - device has SMART capability.
SMART support is: Enabled


REPORT-IOCTL: Device=/dev/sdc Command=SMART READ ATTRIBUTE VALUES
 Input:   FR=0xd0, SC=0x01, LL=...., LM=0x4f, LH=0xc2, DEV=...., CMD=0xb0 IN
>>>> do_scsi_cmnd_io: sg_io_ver=3
 [ata pass-through(16): 85 08 0e 00 d0 00 01 00 00 00 4f 00 c2 00 b0 00 ]
  scsi_status=0x0, sg_transport_status=0x0, sg_driver_status=0x0
  sg_info=0x0  sg_duration=4 milliseconds  resid=0
  Incoming data, len=512 [only first 256 bytes shown]:
 00     10 00 01 0b 00 64 64 00  00 00 00 00 00 00 02 04
 10     00 84 84 60 00 00 00 00  00 00 03 07 00 64 64 00
 20     00 00 00 08 00 00 04 12  00 64 64 04 00 00 00 00
 30     00 00 05 33 00 64 64 00  00 00 00 00 00 00 07 0a
 40     00 64 64 00 00 00 00 00  00 00 08 04 00 8c 8c 0f
 50     00 00 00 00 00 00 09 12  00 64 64 65 00 00 00 00
 60     00 00 0a 12 00 64 64 00  00 00 00 00 00 00 0c 32
 70     00 64 64 03 00 00 00 00  00 00 16 23 00 64 64 64
 80     00 00 00 00 00 00 c0 32  00 64 64 08 00 00 00 00
 90     00 00 c1 12 00 64 64 08  00 00 00 00 00 00 c2 02
 a0     00 88 88 2c 00 15 00 37  00 00 c4 32 00 64 64 00
 b0     00 00 00 00 00 00 c5 22  00 64 64 00 00 00 00 00
 c0     00 00 c6 08 00 64 64 00  00 00 00 00 00 00 c7 0a
 d0     00 c8 c8 00 00 00 00 00  00 00 00 00 00 00 00 00
 e0     00 00 00 00 00 00 00 00  00 00 00 00 00 00 00 00
 f0     00 00 00 00 00 00 00 00  00 00 00 00 00 00 00 00
 [Duration: 0.004325s]
REPORT-IOCTL: Device=/dev/sdc Command=SMART READ ATTRIBUTE VALUES returned 0

===== [SMART READ ATTRIBUTE VALUES] DATA START (BASE-16) =====
000-015: 10 00 01 0b 00 64 64 00 00 00 00 00 00 00 02 04 |.....dd.........|
016-031: 00 84 84 60 00 00 00 00 00 00 03 07 00 64 64 00 |...`.........dd.|
032-047: 00 00 00 08 00 00 04 12 00 64 64 04 00 00 00 00 |.........dd.....|
048-063: 00 00 05 33 00 64 64 00 00 00 00 00 00 00 07 0a |...3.dd.........|
064-079: 00 64 64 00 00 00 00 00 00 00 08 04 00 8c 8c 0f |.dd.............|
080-095: 00 00 00 00 00 00 09 12 00 64 64 65 00 00 00 00 |.........dde....|
096-111: 00 00 0a 12 00 64 64 00 00 00 00 00 00 00 0c 32 |.....dd........2|
112-127: 00 64 64 03 00 00 00 00 00 00 16 23 00 64 64 64 |.dd........#.ddd|
128-143: 00 00 00 00 00 00 c0 32 00 64 64 08 00 00 00 00 |.......2.dd.....|
144-159: 00 00 c1 12 00 64 64 08 00 00 00 00 00 00 c2 02 |.....dd.........|
160-175: 00 88 88 2c 00 15 00 37 00 00 c4 32 00 64 64 00 |...,...7...2.dd.|
176-191: 00 00 00 00 00 00 c5 22 00 64 64 00 00 00 00 00 |.......".dd.....|
192-207: 00 00 c6 08 00 64 64 00 00 00 00 00 00 00 c7 0a |.....dd.........|
208-223: 00 c8 c8 00 00 00 00 00 00 00 00 00 00 00 00 00 |................|
224-239: 00 00 00 00 00 00 00 00 00 00 00 00 00 00 00 00 |................|
240-255: 00 00 00 00 00 00 00 00 00 00 00 00 00 00 00 00 |................|
256-271: 00 00 00 00 00 00 00 00 00 00 00 00 00 00 00 00 |................|
272-287: 00 00 00 00 00 00 00 00 00 00 00 00 00 00 00 00 |................|
288-303: 00 00 00 00 00 00 00 00 00 00 00 00 00 00 00 00 |................|
304-319: 00 00 00 00 00 00 00 00 00 00 00 00 00 00 00 00 |................|
320-335: 00 00 00 00 00 00 00 00 00 00 00 00 00 00 00 00 |................|
336-351: 00 00 00 00 00 00 00 00 00 00 00 00 00 00 00 00 |................|
352-367: 00 00 00 00 00 00 00 00 00 00 82 00 57 00 00 5b |............W..[|
368-383: 03 00 01 00 02 ff 00 f2 04 00 00 00 00 00 00 00 |................|
384-399: 00 00 00 00 00 00 00 00 00 00 00 00 00 00 00 00 |................|
400-415: 00 00 00 00 00 00 00 00 00 00 00 00 00 00 00 00 |................|
416-431: 00 00 00 00 00 00 00 00 00 00 00 00 00 00 00 00 |................|
432-447: 00 00 00 00 00 00 00 00 00 00 00 00 00 00 00 00 |................|
448-463: 00 00 00 00 00 00 00 00 00 00 00 00 00 00 00 00 |................|
464-479: 00 00 00 00 00 00 00 00 00 00 00 00 00 00 00 00 |................|
480-495: 00 00 00 00 00 00 00 00 00 00 00 00 00 00 00 00 |................|
496-511: 00 00 00 00 00 00 00 00 00 00 00 00 00 00 00 08 |................|
===== [SMART READ ATTRIBUTE VALUES] DATA END (512 Bytes) =====


REPORT-IOCTL: Device=/dev/sdc Command=SMART READ ATTRIBUTE THRESHOLDS
 Input:   FR=0xd1, SC=0x01, LL=0x01, LM=0x4f, LH=0xc2, DEV=...., CMD=0xb0 IN
>>>> do_scsi_cmnd_io: sg_io_ver=3
 [ata pass-through(16): 85 08 0e 00 d1 00 01 00 01 00 4f 00 c2 00 b0 00 ]
  scsi_status=0x0, sg_transport_status=0x0, sg_driver_status=0x0
  sg_info=0x0  sg_duration=1 milliseconds  resid=0
  Incoming data, len=512 [only first 256 bytes shown]:
 00     10 00 01 10 00 00 00 00  00 00 00 00 00 00 02 36
 10     00 00 00 00 00 00 00 00  00 00 03 18 00 00 00 00
 20     00 00 00 00 00 00 04 00  00 00 00 00 00 00 00 00
 30     00 00 05 05 00 00 00 00  00 00 00 00 00 00 07 43
 40     00 00 00 00 00 00 00 00  00 00 08 14 00 00 00 00
 50     00 00 00 00 00 00 09 00  00 00 00 00 00 00 00 00
 60     00 00 0a 3c 00 00 00 00  00 00 00 00 00 00 0c 00
 70     00 00 00 00 00 00 00 00  00 00 16 19 00 00 00 00
 80     00 00 00 00 00 00 c0 00  00 00 00 00 00 00 00 00
 90     00 00 c1 00 00 00 00 00  00 00 00 00 00 00 c2 00
 a0     00 00 00 00 00 00 00 00  00 00 c4 00 00 00 00 00
 b0     00 00 00 00 00 00 c5 00  00 00 00 00 00 00 00 00
 c0     00 00 c6 00 00 00 00 00  00 00 00 00 00 00 c7 00
 d0     00 00 00 00 00 00 00 00  00 00 00 00 00 00 00 00
 e0     00 00 00 00 00 00 00 00  00 00 00 00 00 00 00 00
 f0     00 00 00 00 00 00 00 00  00 00 00 00 00 00 00 00
 [Duration: 0.001424s]
REPORT-IOCTL: Device=/dev/sdc Command=SMART READ ATTRIBUTE THRESHOLDS returned 0

===== [SMART READ ATTRIBUTE THRESHOLDS] DATA START (BASE-16) =====
000-015: 10 00 01 10 00 00 00 00 00 00 00 00 00 00 02 36 |...............6|
016-031: 00 00 00 00 00 00 00 00 00 00 03 18 00 00 00 00 |................|
032-047: 00 00 00 00 00 00 04 00 00 00 00 00 00 00 00 00 |................|
048-063: 00 00 05 05 00 00 00 00 00 00 00 00 00 00 07 43 |...............C|
064-079: 00 00 00 00 00 00 00 00 00 00 08 14 00 00 00 00 |................|
080-095: 00 00 00 00 00 00 09 00 00 00 00 00 00 00 00 00 |................|
096-111: 00 00 0a 3c 00 00 00 00 00 00 00 00 00 00 0c 00 |...<............|
112-127: 00 00 00 00 00 00 00 00 00 00 16 19 00 00 00 00 |................|
128-143: 00 00 00 00 00 00 c0 00 00 00 00 00 00 00 00 00 |................|
144-159: 00 00 c1 00 00 00 00 00 00 00 00 00 00 00 c2 00 |................|
160-175: 00 00 00 00 00 00 00 00 00 00 c4 00 00 00 00 00 |................|
176-191: 00 00 00 00 00 00 c5 00 00 00 00 00 00 00 00 00 |................|
192-207: 00 00 c6 00 00 00 00 00 00 00 00 00 00 00 c7 00 |................|
208-223: 00 00 00 00 00 00 00 00 00 00 00 00 00 00 00 00 |................|
224-239: 00 00 00 00 00 00 00 00 00 00 00 00 00 00 00 00 |................|
240-255: 00 00 00 00 00 00 00 00 00 00 00 00 00 00 00 00 |................|
256-271: 00 00 00 00 00 00 00 00 00 00 00 00 00 00 00 00 |................|
272-287: 00 00 00 00 00 00 00 00 00 00 00 00 00 00 00 00 |................|
288-303: 00 00 00 00 00 00 00 00 00 00 00 00 00 00 00 00 |................|
304-319: 00 00 00 00 00 00 00 00 00 00 00 00 00 00 00 00 |................|
320-335: 00 00 00 00 00 00 00 00 00 00 00 00 00 00 00 00 |................|
336-351: 00 00 00 00 00 00 00 00 00 00 00 00 00 00 00 00 |................|
352-367: 00 00 00 00 00 00 00 00 00 00 00 00 00 00 00 00 |................|
368-383: 00 00 00 00 00 00 00 00 00 00 00 00 00 00 00 00 |................|
384-399: 00 00 00 00 00 00 00 00 00 00 00 00 00 00 00 00 |................|
400-415: 00 00 00 00 00 00 00 00 00 00 00 00 00 00 00 00 |................|
416-431: 00 00 00 00 00 00 00 00 00 00 00 00 00 00 00 00 |................|
432-447: 00 00 00 00 00 00 00 00 00 00 00 00 00 00 00 00 |................|
448-463: 00 00 00 00 00 00 00 00 00 00 00 00 00 00 00 00 |................|
464-479: 00 00 00 00 00 00 00 00 00 00 00 00 00 00 00 00 |................|
480-495: 00 00 00 00 00 00 00 00 00 00 00 00 00 00 00 00 |................|
496-511: 00 00 00 00 00 00 00 00 00 00 00 00 00 00 00 35 |...............5|
===== [SMART READ ATTRIBUTE THRESHOLDS] DATA END (512 Bytes) =====

=== START OF READ SMART DATA SECTION ===
SMART Attributes Data Structure revision number: 16
Vendor Specific SMART Attributes with Thresholds:
ID# ATTRIBUTE_NAME          FLAG     VALUE WORST THRESH TYPE      UPDATED  WHEN_FAILED RAW_VALUE
  1 Raw_Read_Error_Rate     0x000b   100   100   016    Pre-fail  Always       -       0
  2 Throughput_Performance  0x0004   132   132   054    Old_age   Offline      -       96
  3 Spin_Up_Time            0x0007   100   100   024    Pre-fail  Always       -       0
  4 Start_Stop_Count        0x0012   100   100   000    Old_age   Always       -       4
  5 Reallocated_Sector_Ct   0x0033   100   100   005    Pre-fail  Always       -       0
  7 Seek_Error_Rate         0x000a   100   100   067    Old_age   Always       -       0
  8 Seek_Time_Performance   0x0004   140   140   020    Old_age   Offline      -       15
  9 Power_On_Hours          0x0012   100   100   000    Old_age   Always       -       101
 10 Spin_Retry_Count        0x0012   100   100   060    Old_age   Always       -       0
 12 Power_Cycle_Count       0x0032   100   100   000    Old_age   Always       -       3
 22 Unknown_Attribute       0x0023   100   100   025    Pre-fail  Always       -       100
192 Power-Off_Retract_Count 0x0032   100   100   000    Old_age   Always       -       8
193 Load_Cycle_Count        0x0012   100   100   000    Old_age   Always       -       8
194 Temperature_Celsius     0x0002   136   136   000    Old_age   Always       -       44 (Min/Max 21/55)
196 Reallocated_Event_Count 0x0032   100   100   000    Old_age   Always       -       0
197 Current_Pending_Sector  0x0022   100   100   000    Old_age   Always       -       0
198 Offline_Uncorrectable   0x0008   100   100   000    Old_age   Offline      -       0
199 UDMA_CRC_Error_Count    0x000a   200   200   000    Old_age   Always       -       0

