smartctl 7.2 2020-12-30 r5155 [armv7l-linux-5.4.0-1028-raspi] (local build)
Copyright (C) 2002-20, Bruce Allen, Christian Franke, www.smartmontools.org


REPORT-IOCTL: Device=/dev/sda Command=IDENTIFY DEVICE
 Input:   FR=...., SC=0x01, LL=...., LM=...., LH=...., DEV=...., CMD=0xec IN
>>>> do_scsi_cmnd_io: sg_io_ver=3
 [ata pass-through(16): 85 08 0e 00 00 00 01 00 00 00 00 00 00 00 ec 00 ]
  scsi_status=0x0, sg_transport_status=0x0, sg_driver_status=0x0
  sg_info=0x0  sg_duration=4 milliseconds  resid=0
  Incoming data, len=512 [only first 256 bytes shown]:
 00     40 00 ff 3f 37 c8 10 00  56 88 2a 02 3f 00 00 00
 10     00 00 00 00 30 53 55 4d  31 4a 50 46 38 42 32 37
 20     30 36 20 20 20 20 20 20  03 00 00 80 04 00 52 43
 30     30 31 2d 30 32 31 41 53  53 4d 4e 55 20 47 44 48
 40     30 35 4c 31 20 4a 20 20  20 20 20 20 20 20 20 20
 50     20 20 20 20 20 20 20 20  20 20 20 20 20 20 10 80
 60     00 00 00 2f 00 40 00 02  00 02 07 00 ff 3f 10 00
 70     3f 00 10 fc fb 00 00 00  ff ff ff 0f 00 00 07 00
 80     03 00 78 00 78 00 78 00  78 00 00 00 00 00 00 00
 90     00 00 00 00 00 00 1f 00  06 07 00 00 4c 00 40 00
 a0     f8 01 52 00 6b 74 01 7f  23 41 69 74 01 bc 23 41
 b0     ff 40 54 00 54 00 00 00  fe ff 00 00 00 fe 00 00
 c0     00 00 00 00 00 00 00 00  30 60 38 3a 00 00 00 00
 d0     00 00 00 00 00 00 00 00  00 50 00 0f b8 1b 60 72
 e0     00 00 00 00 00 00 00 00  00 00 00 00 00 00 14 40
 f0     14 40 00 00 00 00 00 00  00 00 00 00 00 00 00 00
 [Duration: 0.002s]
REPORT-IOCTL: Device=/dev/sda Command=IDENTIFY DEVICE returned 0

===== [IDENTIFY DEVICE] DATA START (BASE-16) =====
000-015: 40 00 ff 3f 37 c8 10 00 56 88 2a 02 3f 00 00 00 |@..?7...V.*.?...|
016-031: 00 00 00 00 30 53 55 4d 31 4a 50 46 38 42 32 37 |....0SUM1JPF8B27|
032-047: 30 36 20 20 20 20 20 20 03 00 00 80 04 00 52 43 |06      ......RC|
048-063: 30 31 2d 30 32 31 41 53 53 4d 4e 55 20 47 44 48 |01-021ASSMNU GDH|
064-079: 30 35 4c 31 20 4a 20 20 20 20 20 20 20 20 20 20 |05L1 J          |
080-095: 20 20 20 20 20 20 20 20 20 20 20 20 20 20 10 80 |              ..|
096-111: 00 00 00 2f 00 40 00 02 00 02 07 00 ff 3f 10 00 |.../.@.......?..|
112-127: 3f 00 10 fc fb 00 00 00 ff ff ff 0f 00 00 07 00 |?...............|
128-143: 03 00 78 00 78 00 78 00 78 00 00 00 00 00 00 00 |..x.x.x.x.......|
144-159: 00 00 00 00 00 00 1f 00 06 07 00 00 4c 00 40 00 |............L.@.|
160-175: f8 01 52 00 6b 74 01 7f 23 41 69 74 01 bc 23 41 |..R.kt..#Ait..#A|
176-191: ff 40 54 00 54 00 00 00 fe ff 00 00 00 fe 00 00 |.@T.T...........|
192-207: 00 00 00 00 00 00 00 00 30 60 38 3a 00 00 00 00 |........0`8:....|
208-223: 00 00 00 00 00 00 00 00 00 50 00 0f b8 1b 60 72 |.........P....`r|
224-239: 00 00 00 00 00 00 00 00 00 00 00 00 00 00 14 40 |...............@|
240-255: 14 40 00 00 00 00 00 00 00 00 00 00 00 00 00 00 |.@..............|
256-271: 21 00 00 00 00 00 00 00 00 00 00 00 00 00 00 00 |!...............|
272-287: 00 00 00 00 00 00 00 00 ff ff 00 04 00 0e 03 00 |................|
288-303: 00 00 00 9a 00 03 00 24 20 6b 31 32 00 00 00 00 |.......$ k12....|
304-319: 00 00 00 00 00 00 00 00 00 00 00 00 00 00 00 00 |................|
320-335: 00 00 00 00 00 00 00 00 00 00 00 00 00 00 00 00 |................|
336-351: 00 00 00 00 00 00 00 00 00 00 00 00 00 00 00 00 |................|
352-367: 00 00 00 00 00 00 00 00 00 00 00 00 00 00 00 00 |................|
368-383: 00 00 00 00 00 00 00 00 00 00 00 00 00 00 00 00 |................|
384-399: 00 00 00 00 00 00 00 00 00 00 00 00 00 00 00 00 |................|
400-415: 00 00 00 00 00 00 00 00 00 00 00 00 3f 00 00 00 |............?...|
416-431: 00 00 00 00 00 00 00 00 00 00 00 00 00 00 00 00 |................|
432-447: 00 00 00 00 00 00 00 00 00 00 00 00 0f 10 00 00 |................|
448-463: 00 00 00 00 00 00 00 00 00 00 00 00 00 00 00 00 |................|
464-479: 00 00 00 00 01 00 00 04 00 00 00 00 00 00 00 00 |................|
480-495: 00 00 00 00 00 00 00 00 00 00 00 00 00 00 00 00 |................|
496-511: 00 00 00 00 00 00 00 00 00 00 00 00 00 00 a5 c5 |................|
===== [IDENTIFY DEVICE] DATA END (512 Bytes) =====


REPORT-IOCTL: Device=/dev/sda Command=SMART READ ATTRIBUTE VALUES
 Input:   FR=0xd0, SC=0x01, LL=...., LM=0x4f, LH=0xc2, DEV=...., CMD=0xb0 IN
>>>> do_scsi_cmnd_io: sg_io_ver=3
 [ata pass-through(16): 85 08 0e 00 d0 00 01 00 00 00 4f 00 c2 00 b0 00 ]
  scsi_status=0x0, sg_transport_status=0x0, sg_driver_status=0x0
  sg_info=0x0  sg_duration=108 milliseconds  resid=0
  Incoming data, len=512 [only first 256 bytes shown]:
 00     10 00 01 0f 00 fd 64 00  00 00 00 00 00 00 03 07
 10     00 64 64 00 1e 00 00 00  00 00 04 32 00 54 54 d9
 20     42 00 00 00 00 00 05 33  00 64 64 01 00 00 00 00
 30     00 00 07 0f 00 fd fd 00  00 00 00 00 00 00 08 25
 40     00 fd fd 00 00 00 00 00  00 00 09 32 00 64 64 4d
 50     3d 00 00 00 00 00 0a 33  00 fd fd 00 00 00 00 00
 60     00 00 0b 12 00 fd fd 00  00 00 00 00 00 00 0c 32
 70     00 60 60 9f 12 00 00 00  00 00 0d 0e 00 64 64 df
 80     89 08 00 00 00 00 bb 32  00 fd fd 00 00 00 00 00
 90     00 00 bc 32 00 fd fd 00  00 00 00 00 00 00 be 22
 a0     00 3b 31 29 00 00 00 00  00 00 c2 22 00 70 52 2a
 b0     00 00 00 00 00 00 c3 1a  00 64 64 df 89 08 00 00
 c0     00 00 c4 32 00 64 64 01  00 00 00 00 00 00 c5 12
 d0     00 fd fd 00 00 00 00 00  00 00 c6 30 00 fd fd 00
 e0     00 00 00 00 00 00 c7 3e  00 c8 c8 00 00 00 00 00
 f0     00 00 c8 0a 00 64 64 00  00 00 00 00 00 00 c9 0a
 [Duration: 0.109s]
REPORT-IOCTL: Device=/dev/sda Command=SMART READ ATTRIBUTE VALUES returned 0

===== [SMART READ ATTRIBUTE VALUES] DATA START (BASE-16) =====
000-015: 10 00 01 0f 00 fd 64 00 00 00 00 00 00 00 03 07 |......d.........|
016-031: 00 64 64 00 1e 00 00 00 00 00 04 32 00 54 54 d9 |.dd........2.TT.|
032-047: 42 00 00 00 00 00 05 33 00 64 64 01 00 00 00 00 |B......3.dd.....|
048-063: 00 00 07 0f 00 fd fd 00 00 00 00 00 00 00 08 25 |...............%|
064-079: 00 fd fd 00 00 00 00 00 00 00 09 32 00 64 64 4d |...........2.ddM|
080-095: 3d 00 00 00 00 00 0a 33 00 fd fd 00 00 00 00 00 |=......3........|
096-111: 00 00 0b 12 00 fd fd 00 00 00 00 00 00 00 0c 32 |...............2|
112-127: 00 60 60 9f 12 00 00 00 00 00 0d 0e 00 64 64 df |.``..........dd.|
128-143: 89 08 00 00 00 00 bb 32 00 fd fd 00 00 00 00 00 |.......2........|
144-159: 00 00 bc 32 00 fd fd 00 00 00 00 00 00 00 be 22 |...2..........."|
160-175: 00 3b 31 29 00 00 00 00 00 00 c2 22 00 70 52 2a |.;1).......".pR*|
176-191: 00 00 00 00 00 00 c3 1a 00 64 64 df 89 08 00 00 |.........dd.....|
192-207: 00 00 c4 32 00 64 64 01 00 00 00 00 00 00 c5 12 |...2.dd.........|
208-223: 00 fd fd 00 00 00 00 00 00 00 c6 30 00 fd fd 00 |...........0....|
224-239: 00 00 00 00 00 00 c7 3e 00 c8 c8 00 00 00 00 00 |.......>........|
240-255: 00 00 c8 0a 00 64 64 00 00 00 00 00 00 00 c9 0a |.....dd.........|
256-271: 00 fd 64 00 00 00 00 00 00 00 ca 32 00 64 64 22 |..d........2.dd"|
272-287: 00 00 00 00 00 00 00 00 00 00 00 00 00 00 00 00 |................|
288-303: 00 00 00 00 00 00 00 00 00 00 00 00 00 00 00 00 |................|
304-319: 00 00 00 00 00 00 00 00 00 00 00 00 00 00 00 00 |................|
320-335: 00 00 00 00 00 00 00 00 00 00 00 00 00 00 00 00 |................|
336-351: 00 00 00 00 00 00 00 00 00 00 00 00 00 00 00 00 |................|
352-367: 00 00 00 00 00 00 00 00 00 00 00 00 6d 23 00 5b |............m#.[|
368-383: 03 00 01 00 02 9b 00 00 00 00 00 00 00 00 00 00 |................|
384-399: 00 00 00 00 00 00 00 00 00 00 00 00 00 00 00 00 |................|
400-415: 00 00 00 00 00 00 00 00 00 00 00 00 00 00 00 00 |................|
416-431: 00 00 00 00 00 00 00 00 00 00 00 00 00 00 00 00 |................|
432-447: 00 00 00 00 00 00 00 00 00 00 00 00 00 00 00 00 |................|
448-463: 00 00 00 00 00 00 00 00 00 00 00 00 00 00 00 00 |................|
464-479: 00 00 00 00 00 00 00 00 00 00 00 00 00 00 00 00 |................|
480-495: 00 00 00 00 00 00 00 00 00 00 00 00 00 00 00 00 |................|
496-511: 00 00 00 00 00 00 00 00 00 00 00 00 00 00 00 03 |................|
===== [SMART READ ATTRIBUTE VALUES] DATA END (512 Bytes) =====


REPORT-IOCTL: Device=/dev/sda Command=SMART READ ATTRIBUTE THRESHOLDS
 Input:   FR=0xd1, SC=0x01, LL=0x01, LM=0x4f, LH=0xc2, DEV=...., CMD=0xb0 IN
>>>> do_scsi_cmnd_io: sg_io_ver=3
 [ata pass-through(16): 85 08 0e 00 d1 00 01 00 01 00 4f 00 c2 00 b0 00 ]
  scsi_status=0x0, sg_transport_status=0x0, sg_driver_status=0x0
  sg_info=0x0  sg_duration=0 milliseconds  resid=0
  Incoming data, len=512 [only first 256 bytes shown]:
 00     10 00 01 33 00 00 00 00  00 00 00 00 00 00 03 0f
 10     00 00 00 00 00 00 00 00  00 00 04 00 00 00 00 00
 20     00 00 00 00 00 00 05 0a  00 00 00 00 00 00 00 00
 30     00 00 07 33 00 00 00 00  00 00 00 00 00 00 08 0f
 40     00 00 00 00 00 00 00 00  00 00 09 00 00 00 00 00
 50     00 00 00 00 00 00 0a 33  00 00 00 00 00 00 00 00
 60     00 00 0b 00 00 00 00 00  00 00 00 00 00 00 0c 00
 70     00 00 00 00 00 00 00 00  00 00 0d 00 00 00 00 00
 80     00 00 00 00 00 00 bb 00  00 00 00 00 00 00 00 00
 90     00 00 bc 00 00 00 00 00  00 00 00 00 00 00 be 00
 a0     00 00 00 00 00 00 00 00  00 00 c2 00 00 00 00 00
 b0     00 00 00 00 00 00 c3 00  00 00 00 00 00 00 00 00
 c0     00 00 c4 00 00 00 00 00  00 00 00 00 00 00 c5 00
 d0     00 00 00 00 00 00 00 00  00 00 c6 00 00 00 00 00
 e0     00 00 00 00 00 00 c7 00  00 00 00 00 00 00 00 00
 f0     00 00 c8 00 00 00 00 00  00 00 00 00 00 00 c9 00
 [Duration: 0.001s]
REPORT-IOCTL: Device=/dev/sda Command=SMART READ ATTRIBUTE THRESHOLDS returned 0

===== [SMART READ ATTRIBUTE THRESHOLDS] DATA START (BASE-16) =====
000-015: 10 00 01 33 00 00 00 00 00 00 00 00 00 00 03 0f |...3............|
016-031: 00 00 00 00 00 00 00 00 00 00 04 00 00 00 00 00 |................|
032-047: 00 00 00 00 00 00 05 0a 00 00 00 00 00 00 00 00 |................|
048-063: 00 00 07 33 00 00 00 00 00 00 00 00 00 00 08 0f |...3............|
064-079: 00 00 00 00 00 00 00 00 00 00 09 00 00 00 00 00 |................|
080-095: 00 00 00 00 00 00 0a 33 00 00 00 00 00 00 00 00 |.......3........|
096-111: 00 00 0b 00 00 00 00 00 00 00 00 00 00 00 0c 00 |................|
112-127: 00 00 00 00 00 00 00 00 00 00 0d 00 00 00 00 00 |................|
128-143: 00 00 00 00 00 00 bb 00 00 00 00 00 00 00 00 00 |................|
144-159: 00 00 bc 00 00 00 00 00 00 00 00 00 00 00 be 00 |................|
160-175: 00 00 00 00 00 00 00 00 00 00 c2 00 00 00 00 00 |................|
176-191: 00 00 00 00 00 00 c3 00 00 00 00 00 00 00 00 00 |................|
192-207: 00 00 c4 00 00 00 00 00 00 00 00 00 00 00 c5 00 |................|
208-223: 00 00 00 00 00 00 00 00 00 00 c6 00 00 00 00 00 |................|
224-239: 00 00 00 00 00 00 c7 00 00 00 00 00 00 00 00 00 |................|
240-255: 00 00 c8 00 00 00 00 00 00 00 00 00 00 00 c9 00 |................|
256-271: 00 00 00 00 00 00 00 00 00 00 ca 00 00 00 00 00 |................|
272-287: 00 00 00 00 00 00 00 00 00 00 00 00 00 00 00 00 |................|
288-303: 00 00 00 00 00 00 00 00 00 00 00 00 00 00 00 00 |................|
304-319: 00 00 00 00 00 00 00 00 00 00 00 00 00 00 00 00 |................|
320-335: 00 00 00 00 00 00 00 00 00 00 00 00 00 00 00 00 |................|
336-351: 00 00 00 00 00 00 00 00 00 00 00 00 00 00 00 00 |................|
352-367: 00 00 00 00 00 00 00 00 00 00 00 00 00 00 00 00 |................|
368-383: 00 00 00 00 00 00 00 00 00 00 00 00 00 00 00 00 |................|
384-399: 00 00 00 00 00 00 00 00 00 00 00 00 00 00 00 00 |................|
400-415: 00 00 00 00 00 00 00 00 00 00 00 00 00 00 00 00 |................|
416-431: 00 00 00 00 00 00 00 00 00 00 00 00 00 00 00 00 |................|
432-447: 00 00 00 00 00 00 00 00 00 00 00 00 00 00 00 00 |................|
448-463: 00 00 00 00 00 00 00 00 00 00 00 00 00 00 00 00 |................|
464-479: 00 00 00 00 00 00 00 00 00 00 00 00 00 00 00 00 |................|
480-495: 00 00 00 00 00 00 00 00 00 00 00 00 00 00 00 00 |................|
496-511: 00 00 00 00 00 00 00 00 00 00 00 00 00 00 00 b1 |................|
===== [SMART READ ATTRIBUTE THRESHOLDS] DATA END (512 Bytes) =====

=== START OF READ SMART DATA SECTION ===

REPORT-IOCTL: Device=/dev/sda Command=SMART STATUS CHECK
 Input:   FR=0xda, SC=...., LL=...., LM=0x4f, LH=0xc2, DEV=...., CMD=0xb0
>>>> do_scsi_cmnd_io: sg_io_ver=3
 [ata pass-through(16): 85 06 2c 00 da 00 00 00 00 00 4f 00 c2 00 b0 00 ]
  scsi_status=0x0, sg_transport_status=0x0, sg_driver_status=0x0
  sg_info=0x0  sg_duration=0 milliseconds  resid=0
REPORT-IOCTL: Device=/dev/sda Command=SMART STATUS CHECK returned -1 errno=38 [Incomplete response, ATA output registers missing]
SMART Status not supported: Incomplete response, ATA output registers missing
SMART overall-health self-assessment test result: PASSED
Warning: This result is based on an Attribute check.

