----------------------------------------------------------------------------
CrystalDiskInfo 8.4.2 (C) 2008-2020 hiyohiyo
                                Crystal Dew World: https://crystalmark.info/
----------------------------------------------------------------------------

    OS : Windows Server 2019 Server Standard (full installation) [10.0 Build 17763] (x64)
  Date : 2020/04/22 0:19:47

-- Controller Map ----------------------------------------------------------
 - Standard SATA AHCI Controller [ATA]
 - Standard SATA AHCI Controller [ATA]
 - Microsoft Storage Spaces Controller [SCSI]
 + PERC H730P Adapter [SCSI]
   - DELL PERC H730P Adp SCSI Disk Device
   - RAID Virtual Device

-- Disk List ---------------------------------------------------------------
 (1) MTFDDAK480TDC : 480.1 GB [X/0/1, mr]
 (2) MTFDDAK480TDC : 480.1 GB [X/0/2, mr]
 (3) MTFDDAK480TDC : 480.1 GB [X/0/3, mr]
 (4) MTFDDAK480TDC : 480.1 GB [X/0/0, mr]

----------------------------------------------------------------------------
 (1) MTFDDAK480TDC
----------------------------------------------------------------------------
           Model : MTFDDAK480TDC
        Firmware : D1DF003
   Serial Number : 
       Disk Size : 480.1 GB (8.4/137.4/480.1/----)
     Buffer Size : Unknown
     Queue Depth : 32
    # of Sectors : 937703088
   Rotation Rate : ---- (SSD)
       Interface : Serial ATA
   Major Version : ACS-3
   Minor Version : ACS-3 Revision 5
   Transfer Mode : SATA/600 | SATA/600
  Power On Hours : 129 hours
  Power On Count : 13 count
     Temperature : 23 C (73 F)
   Health Status : Good
        Features : S.M.A.R.T., APM, 48bit LBA, NCQ, TRIM
       APM Level : 00FEh [ON]
       AAM Level : ----
    Drive Letter : 

-- S.M.A.R.T. --------------------------------------------------------------
ID Cur Wor Thr RawValues(6) Attribute Name
01 100 100 _50 000000000000 Read Error Rate
05 100 100 _10 000000000000 Reallocated Sectors Count
09 100 100 __0 000000000081 Power-On Hours
0C 100 100 __1 00000000000D Power Cycle Count
0D 100 100 __0 000000000000 Soft Read Error Rate stab
AD 100 100 __0 000000000001 Vendor Specific
AE 100 100 __0 00000000000C Vendor Specific
B3 100 100 __0 000000000000 Vendor Specific
B4 __0 __0 __0 000000001016 Vendor Specific
B5 100 100 __1 000000000000 Vendor Specific
B6 100 100 __1 000000000000 Vendor Specific
B7 100 100 __0 000000000000 Vendor Specific
B8 100 100 __0 000000000000 Vendor Specific
BC 100 100 __0 000000000029 Vendor Specific
C1 100 100 __0 000000000000 Vendor Specific
C2 _77 _68 __0 002000130017 Temperature
C3 100 100 __0 000000000000 Vendor Specific
C4 100 100 __0 000000000000 Reallocation Event Count
C5 100 100 __0 000000000000 Current Pending Sector Count
C6 100 100 __0 000000000000 Uncorrectable Sector Count
C7 100 100 __0 000000000000 Vendor Specific
C9 100 100 __1 000000000000 Vendor Specific
CA 100 100 __5 000000000F54 Vendor Specific
CE 100 100 __0 000000000000 Vendor Specific
D2 100 100 __0 000000000000 Vendor Specific
E9 100 100 __0 000004EB4648 Vendor Specific
F5 100 100 __1 000000000064 Vendor Specific
F7 100 100 __0 000000276DAB Vendor Specific
F8 100 100 __0 0000000407CD Vendor Specific

-- IDENTIFY_DEVICE ---------------------------------------------------------
        0    1    2    3    4    5    6    7    8    9
000: 0440 3FFF C837 0010 0000 0000 003F 0000 0000 0000
010: 2020 2020 2020 2020 3230 3033 3235 4631 3938 4632
020: 0000 0000 0000 2044 3144 4630 3033 4D54 4644 4441
030: 4B34 3830 5444 4320 2020 2020 2020 2020 2020 2020
040: 2020 2020 2020 2020 2020 2020 2020 8010 4000 2F00
050: 4001 0000 0000 0006 3FFF 0010 003F FC10 00FB BD10
060: FFFF 0FFF 0000 0007 0003 0078 0078 0078 0078 4D20
070: 0000 0000 0000 0000 0000 001F 950E 0206 0044 0044
080: 07F8 006D 7069 7409 6123 7069 B409 6123 407F 0000
090: 0000 00FE 0000 0000 0000 0000 0000 0000 0000 0000
100: 36B0 37E4 0000 0000 0000 0008 6003 0000 500A 0751
110: 25F1 98F2 0000 0000 0000 0000 0000 0000 0000 415E
120: 401C 0000 0000 0000 0000 0000 0000 0000 0000 3930
130: 6239 6361 6420 2020 2020 2020 2020 0000 0000 0000
140: 0000 0000 0000 0000 0000 0000 0000 4D54 4644 4441
150: 4B34 3830 5444 4320 0000 0000 0000 0000 0000 0000
160: 0000 0000 0000 0000 0000 0000 0000 0000 0003 0001
170: 4445 4C4C 2874 6D29 0000 0000 0000 0000 0000 0000
180: 0000 0000 0000 0000 0000 0000 0000 0000 0000 0000
190: 0000 0000 0000 0000 0000 0000 0000 0000 0000 0000
200: 0000 0000 0000 0000 0000 0000 003D 0000 0000 4000
210: 0000 0000 0000 0001 0000 0000 0000 0001 0000 0000
220: 0000 0000 10FF 0000 0000 0000 0000 0000 0000 0000
230: 0000 0000 0000 0000 0001 0000 0000 0000 0000 0000
240: 0000 0000 0000 0000 0000 0000 0000 0000 0000 0000
250: 0000 0000 0000 0000 0000 85A5

-- SMART_READ_DATA ---------------------------------------------------------
     +0 +1 +2 +3 +4 +5 +6 +7 +8 +9 +A +B +C +D +E +F
000: 10 00 01 2E 00 64 64 00 00 00 00 00 00 00 05 33
010: 00 64 64 00 00 00 00 00 00 00 09 32 00 64 64 81
020: 00 00 00 00 00 00 0C 32 00 64 64 0D 00 00 00 00
030: 00 00 0D 32 00 64 64 00 00 00 00 00 00 00 AD 32
040: 00 64 64 01 00 00 00 00 00 00 AE 32 00 64 64 0C
050: 00 00 00 00 00 00 B3 33 00 64 64 00 00 00 00 00
060: 00 00 B4 32 00 00 00 16 10 00 00 00 00 00 B5 32
070: 00 64 64 00 00 00 00 00 00 00 B6 32 00 64 64 00
080: 00 00 00 00 00 00 B7 32 00 64 64 00 00 00 00 00
090: 00 00 B8 32 00 64 64 00 00 00 00 00 00 00 BC 32
0A0: 00 64 64 29 00 00 00 00 00 00 C1 32 00 64 64 00
0B0: 00 00 00 00 00 00 C2 22 00 4D 44 17 00 13 00 20
0C0: 00 00 C3 2E 00 64 64 00 00 00 00 00 00 00 C4 32
0D0: 00 64 64 00 00 00 00 00 00 00 C5 32 00 64 64 00
0E0: 00 00 00 00 00 00 C6 32 00 64 64 00 00 00 00 00
0F0: 00 00 C7 32 00 64 64 00 00 00 00 00 00 00 C9 33
100: 00 64 64 00 00 00 00 00 00 00 CA 33 00 64 64 54
110: 0F 00 00 00 00 00 CE 0E 00 64 64 00 00 00 00 00
120: 00 00 D2 32 00 64 64 00 00 00 00 00 00 00 E9 32
130: 00 64 64 48 46 EB 04 00 00 00 F5 30 00 64 64 64
140: 00 00 00 00 00 00 F7 32 00 64 64 AB 6D 27 00 00
150: 00 00 F8 32 00 64 64 CD 07 04 00 00 00 00 00 00
160: 00 00 00 00 00 00 00 00 00 00 00 00 8A 06 00 7B
170: 03 00 01 80 02 1D 03 00 00 00 00 00 00 00 00 00
180: 00 00 00 00 00 00 00 00 00 00 00 00 00 00 00 00
190: 00 00 00 00 00 00 00 00 00 00 00 00 00 00 00 00
1A0: 00 00 00 00 00 00 00 00 00 00 00 00 00 00 00 00
1B0: 00 00 00 00 00 00 00 00 00 00 00 00 00 00 00 00
1C0: 00 00 00 00 00 00 00 00 00 00 00 00 00 00 00 00
1D0: 00 00 00 00 00 00 00 00 00 00 00 00 00 00 00 00
1E0: 00 00 00 00 00 00 00 00 00 00 00 00 00 00 00 00
1F0: 00 00 00 00 00 00 00 00 00 00 00 00 00 00 00 BB

-- SMART_READ_THRESHOLD ----------------------------------------------------
     +0 +1 +2 +3 +4 +5 +6 +7 +8 +9 +A +B +C +D +E +F
000: 10 00 01 32 00 00 00 00 00 00 00 00 00 00 05 0A
010: 00 00 00 00 00 00 00 00 00 00 09 00 00 00 00 00
020: 00 00 00 00 00 00 0C 01 00 00 00 00 00 00 00 00
030: 00 00 0D 00 00 00 00 00 00 00 00 00 00 00 AD 00
040: 00 00 00 00 00 00 00 00 00 00 AE 00 00 00 00 00
050: 00 00 00 00 00 00 B3 00 00 00 00 00 00 00 00 00
060: 00 00 B4 00 00 00 00 00 00 00 00 00 00 00 B5 01
070: 00 00 00 00 00 00 00 00 00 00 B6 01 00 00 00 00
080: 00 00 00 00 00 00 B7 00 00 00 00 00 00 00 00 00
090: 00 00 B8 00 00 00 00 00 00 00 00 00 00 00 BC 00
0A0: 00 00 00 00 00 00 00 00 00 00 C1 00 00 00 00 00
0B0: 00 00 00 00 00 00 C2 00 00 00 00 00 00 00 00 00
0C0: 00 00 C3 00 00 00 00 00 00 00 00 00 00 00 C4 00
0D0: 00 00 00 00 00 00 00 00 00 00 C5 00 00 00 00 00
0E0: 00 00 00 00 00 00 C6 00 00 00 00 00 00 00 00 00
0F0: 00 00 C7 00 00 00 00 00 00 00 00 00 00 00 C9 01
100: 00 00 00 00 00 00 00 00 00 00 CA 05 00 00 00 00
110: 00 00 00 00 00 00 CE 00 00 00 00 00 00 00 00 00
120: 00 00 D2 00 00 00 00 00 00 00 00 00 00 00 E9 00
130: 00 00 00 00 00 00 00 00 00 00 F5 01 00 00 00 00
140: 00 00 00 00 00 00 F7 00 00 00 00 00 00 00 00 00
150: 00 00 F8 00 00 00 00 00 00 00 00 00 00 00 00 00
160: 00 00 00 00 00 00 00 00 00 00 00 00 00 00 00 00
170: 00 00 00 00 00 00 00 00 00 00 00 00 00 00 00 00
180: 00 00 00 00 00 00 00 00 00 00 00 00 00 00 00 00
190: 00 00 00 00 00 00 00 00 00 00 00 00 00 00 00 00
1A0: 00 00 00 00 00 00 00 00 00 00 00 00 00 00 00 00
1B0: 00 00 00 00 00 00 00 00 00 00 00 00 00 00 00 00
1C0: 00 00 00 00 00 00 00 00 00 00 00 00 00 00 00 00
1D0: 00 00 00 00 00 00 00 00 00 00 00 00 00 00 00 00
1E0: 00 00 00 00 00 00 00 00 00 00 00 00 00 00 00 00
1F0: 00 00 00 00 00 00 00 00 00 00 00 00 00 00 00 CE

----------------------------------------------------------------------------
 (2) MTFDDAK480TDC
----------------------------------------------------------------------------
           Model : MTFDDAK480TDC
        Firmware : D1DF003
   Serial Number : 
       Disk Size : 480.1 GB (8.4/137.4/480.1/----)
     Buffer Size : Unknown
     Queue Depth : 32
    # of Sectors : 937703088
   Rotation Rate : ---- (SSD)
       Interface : Serial ATA
   Major Version : ACS-3
   Minor Version : ACS-3 Revision 5
   Transfer Mode : SATA/600 | SATA/600
  Power On Hours : 129 hours
  Power On Count : 13 count
     Temperature : 22 C (71 F)
   Health Status : Good
        Features : S.M.A.R.T., APM, 48bit LBA, NCQ, TRIM
       APM Level : 00FEh [ON]
       AAM Level : ----
    Drive Letter : 

-- S.M.A.R.T. --------------------------------------------------------------
ID Cur Wor Thr RawValues(6) Attribute Name
01 100 100 _50 000000000000 Read Error Rate
05 100 100 _10 000000000000 Reallocated Sectors Count
09 100 100 __0 000000000081 Power-On Hours
0C 100 100 __1 00000000000D Power Cycle Count
0D 100 100 __0 000000000000 Soft Read Error Rate stab
AD 100 100 __0 000000000001 Vendor Specific
AE 100 100 __0 00000000000C Vendor Specific
B3 100 100 __0 000000000000 Vendor Specific
B4 __0 __0 __0 000000001016 Vendor Specific
B5 100 100 __1 000000000000 Vendor Specific
B6 100 100 __1 000000000000 Vendor Specific
B7 100 100 __0 000000000000 Vendor Specific
B8 100 100 __0 000000000000 Vendor Specific
BC 100 100 __0 000000000029 Vendor Specific
C1 100 100 __0 000000000000 Vendor Specific
C2 _78 _68 __0 002000130016 Temperature
C3 100 100 __0 000000000000 Vendor Specific
C4 100 100 __0 000000000000 Reallocation Event Count
C5 100 100 __0 000000000000 Current Pending Sector Count
C6 100 100 __0 000000000000 Uncorrectable Sector Count
C7 100 100 __0 000000000000 Vendor Specific
C9 100 100 __1 000000000000 Vendor Specific
CA 100 100 __5 000000000F5F Vendor Specific
CE 100 100 __0 000000000000 Vendor Specific
D2 100 100 __0 000000000000 Vendor Specific
E9 100 100 __0 000004EBB538 Vendor Specific
F5 100 100 __1 000000000064 Vendor Specific
F7 100 100 __0 000000277026 Vendor Specific
F8 100 100 __0 000000045887 Vendor Specific

-- IDENTIFY_DEVICE ---------------------------------------------------------
        0    1    2    3    4    5    6    7    8    9
000: 0440 3FFF C837 0010 0000 0000 003F 0000 0000 0000
010: 2020 2020 2020 2020 3230 3033 3235 4631 3939 4341
020: 0000 0000 0000 2044 3144 4630 3033 4D54 4644 4441
030: 4B34 3830 5444 4320 2020 2020 2020 2020 2020 2020
040: 2020 2020 2020 2020 2020 2020 2020 8010 4000 2F00
050: 4001 0000 0000 0006 3FFF 0010 003F FC10 00FB BD10
060: FFFF 0FFF 0000 0007 0003 0078 0078 0078 0078 4D20
070: 0000 0000 0000 0000 0000 001F 950E 0206 0044 0044
080: 07F8 006D 7069 7409 6123 7069 B409 6123 407F 0000
090: 0000 00FE 0000 0000 0000 0000 0000 0000 0000 0000
100: 36B0 37E4 0000 0000 0000 0008 6003 0000 500A 0751
110: 25F1 99CA 0000 0000 0000 0000 0000 0000 0000 415E
120: 401C 0000 0000 0000 0000 0000 0000 0000 0000 3930
130: 6239 6361 6420 2020 2020 2020 2020 0000 0000 0000
140: 0000 0000 0000 0000 0000 0000 0000 4D54 4644 4441
150: 4B34 3830 5444 4320 0000 0000 0000 0000 0000 0000
160: 0000 0000 0000 0000 0000 0000 0000 0000 0003 0001
170: 4445 4C4C 2874 6D29 0000 0000 0000 0000 0000 0000
180: 0000 0000 0000 0000 0000 0000 0000 0000 0000 0000
190: 0000 0000 0000 0000 0000 0000 0000 0000 0000 0000
200: 0000 0000 0000 0000 0000 0000 003D 0000 0000 4000
210: 0000 0000 0000 0001 0000 0000 0000 0001 0000 0000
220: 0000 0000 10FF 0000 0000 0000 0000 0000 0000 0000
230: 0000 0000 0000 0000 0001 0000 0000 0000 0000 0000
240: 0000 0000 0000 0000 0000 0000 0000 0000 0000 0000
250: 0000 0000 0000 0000 0000 9FA5

-- SMART_READ_DATA ---------------------------------------------------------
     +0 +1 +2 +3 +4 +5 +6 +7 +8 +9 +A +B +C +D +E +F
000: 10 00 01 2E 00 64 64 00 00 00 00 00 00 00 05 33
010: 00 64 64 00 00 00 00 00 00 00 09 32 00 64 64 81
020: 00 00 00 00 00 00 0C 32 00 64 64 0D 00 00 00 00
030: 00 00 0D 32 00 64 64 00 00 00 00 00 00 00 AD 32
040: 00 64 64 01 00 00 00 00 00 00 AE 32 00 64 64 0C
050: 00 00 00 00 00 00 B3 33 00 64 64 00 00 00 00 00
060: 00 00 B4 32 00 00 00 16 10 00 00 00 00 00 B5 32
070: 00 64 64 00 00 00 00 00 00 00 B6 32 00 64 64 00
080: 00 00 00 00 00 00 B7 32 00 64 64 00 00 00 00 00
090: 00 00 B8 32 00 64 64 00 00 00 00 00 00 00 BC 32
0A0: 00 64 64 29 00 00 00 00 00 00 C1 32 00 64 64 00
0B0: 00 00 00 00 00 00 C2 22 00 4E 44 16 00 13 00 20
0C0: 00 00 C3 2E 00 64 64 00 00 00 00 00 00 00 C4 32
0D0: 00 64 64 00 00 00 00 00 00 00 C5 32 00 64 64 00
0E0: 00 00 00 00 00 00 C6 32 00 64 64 00 00 00 00 00
0F0: 00 00 C7 32 00 64 64 00 00 00 00 00 00 00 C9 33
100: 00 64 64 00 00 00 00 00 00 00 CA 33 00 64 64 5F
110: 0F 00 00 00 00 00 CE 0E 00 64 64 00 00 00 00 00
120: 00 00 D2 32 00 64 64 00 00 00 00 00 00 00 E9 32
130: 00 64 64 38 B5 EB 04 00 00 00 F5 30 00 64 64 64
140: 00 00 00 00 00 00 F7 32 00 64 64 26 70 27 00 00
150: 00 00 F8 32 00 64 64 87 58 04 00 00 00 00 00 00
160: 00 00 00 00 00 00 00 00 00 00 00 00 8A 06 00 7B
170: 03 00 01 80 02 1D 03 00 00 00 00 00 00 00 00 00
180: 00 00 00 00 00 00 00 00 00 00 00 00 00 00 00 00
190: 00 00 00 00 00 00 00 00 00 00 00 00 00 00 00 00
1A0: 00 00 00 00 00 00 00 00 00 00 00 00 00 00 00 00
1B0: 00 00 00 00 00 00 00 00 00 00 00 00 00 00 00 00
1C0: 00 00 00 00 00 00 00 00 00 00 00 00 00 00 00 00
1D0: 00 00 00 00 00 00 00 00 00 00 00 00 00 00 00 00
1E0: 00 00 00 00 00 00 00 00 00 00 00 00 00 00 00 00
1F0: 00 00 00 00 00 00 00 00 00 00 00 00 00 00 00 C8

-- SMART_READ_THRESHOLD ----------------------------------------------------
     +0 +1 +2 +3 +4 +5 +6 +7 +8 +9 +A +B +C +D +E +F
000: 10 00 01 32 00 00 00 00 00 00 00 00 00 00 05 0A
010: 00 00 00 00 00 00 00 00 00 00 09 00 00 00 00 00
020: 00 00 00 00 00 00 0C 01 00 00 00 00 00 00 00 00
030: 00 00 0D 00 00 00 00 00 00 00 00 00 00 00 AD 00
040: 00 00 00 00 00 00 00 00 00 00 AE 00 00 00 00 00
050: 00 00 00 00 00 00 B3 00 00 00 00 00 00 00 00 00
060: 00 00 B4 00 00 00 00 00 00 00 00 00 00 00 B5 01
070: 00 00 00 00 00 00 00 00 00 00 B6 01 00 00 00 00
080: 00 00 00 00 00 00 B7 00 00 00 00 00 00 00 00 00
090: 00 00 B8 00 00 00 00 00 00 00 00 00 00 00 BC 00
0A0: 00 00 00 00 00 00 00 00 00 00 C1 00 00 00 00 00
0B0: 00 00 00 00 00 00 C2 00 00 00 00 00 00 00 00 00
0C0: 00 00 C3 00 00 00 00 00 00 00 00 00 00 00 C4 00
0D0: 00 00 00 00 00 00 00 00 00 00 C5 00 00 00 00 00
0E0: 00 00 00 00 00 00 C6 00 00 00 00 00 00 00 00 00
0F0: 00 00 C7 00 00 00 00 00 00 00 00 00 00 00 C9 01
100: 00 00 00 00 00 00 00 00 00 00 CA 05 00 00 00 00
110: 00 00 00 00 00 00 CE 00 00 00 00 00 00 00 00 00
120: 00 00 D2 00 00 00 00 00 00 00 00 00 00 00 E9 00
130: 00 00 00 00 00 00 00 00 00 00 F5 01 00 00 00 00
140: 00 00 00 00 00 00 F7 00 00 00 00 00 00 00 00 00
150: 00 00 F8 00 00 00 00 00 00 00 00 00 00 00 00 00
160: 00 00 00 00 00 00 00 00 00 00 00 00 00 00 00 00
170: 00 00 00 00 00 00 00 00 00 00 00 00 00 00 00 00
180: 00 00 00 00 00 00 00 00 00 00 00 00 00 00 00 00
190: 00 00 00 00 00 00 00 00 00 00 00 00 00 00 00 00
1A0: 00 00 00 00 00 00 00 00 00 00 00 00 00 00 00 00
1B0: 00 00 00 00 00 00 00 00 00 00 00 00 00 00 00 00
1C0: 00 00 00 00 00 00 00 00 00 00 00 00 00 00 00 00
1D0: 00 00 00 00 00 00 00 00 00 00 00 00 00 00 00 00
1E0: 00 00 00 00 00 00 00 00 00 00 00 00 00 00 00 00
1F0: 00 00 00 00 00 00 00 00 00 00 00 00 00 00 00 CE

----------------------------------------------------------------------------
 (3) MTFDDAK480TDC
----------------------------------------------------------------------------
           Model : MTFDDAK480TDC
        Firmware : D1DF003
   Serial Number : 
       Disk Size : 480.1 GB (8.4/137.4/480.1/----)
     Buffer Size : Unknown
     Queue Depth : 32
    # of Sectors : 937703088
   Rotation Rate : ---- (SSD)
       Interface : Serial ATA
   Major Version : ACS-3
   Minor Version : ACS-3 Revision 5
   Transfer Mode : SATA/600 | SATA/600
  Power On Hours : 129 hours
  Power On Count : 13 count
     Temperature : 23 C (73 F)
   Health Status : Good
        Features : S.M.A.R.T., APM, 48bit LBA, NCQ, TRIM
       APM Level : 00FEh [ON]
       AAM Level : ----
    Drive Letter : 

-- S.M.A.R.T. --------------------------------------------------------------
ID Cur Wor Thr RawValues(6) Attribute Name
01 100 100 _50 000000000000 Read Error Rate
05 100 100 _10 000000000000 Reallocated Sectors Count
09 100 100 __0 000000000081 Power-On Hours
0C 100 100 __1 00000000000D Power Cycle Count
0D 100 100 __0 000000000000 Soft Read Error Rate stab
AD 100 100 __0 000000000001 Vendor Specific
AE 100 100 __0 00000000000C Vendor Specific
B3 100 100 __0 000000000000 Vendor Specific
B4 __0 __0 __0 000000001016 Vendor Specific
B5 100 100 __1 000000000000 Vendor Specific
B6 100 100 __1 000000000000 Vendor Specific
B7 100 100 __0 000000000000 Vendor Specific
B8 100 100 __0 000000000000 Vendor Specific
BC 100 100 __0 000000000029 Vendor Specific
C1 100 100 __0 000000000000 Vendor Specific
C2 _77 _68 __0 002000130017 Temperature
C3 100 100 __0 000000000000 Vendor Specific
C4 100 100 __0 000000000000 Reallocation Event Count
C5 100 100 __0 000000000000 Current Pending Sector Count
C6 100 100 __0 000000000000 Uncorrectable Sector Count
C7 100 100 __0 000000000000 Vendor Specific
C9 100 100 __1 000000000000 Vendor Specific
CA 100 100 __5 000000000F5E Vendor Specific
CE 100 100 __0 000000000000 Vendor Specific
D2 100 100 __0 000000000000 Vendor Specific
E9 100 100 __0 000005272E44 Vendor Specific
F5 100 100 __1 000000000064 Vendor Specific
F7 100 100 __0 00000029856F Vendor Specific
F8 100 100 __0 0000000478A7 Vendor Specific

-- IDENTIFY_DEVICE ---------------------------------------------------------
        0    1    2    3    4    5    6    7    8    9
000: 0440 3FFF C837 0010 0000 0000 003F 0000 0000 0000
010: 2020 2020 2020 2020 3230 3033 3235 4631 3939 3632
020: 0000 0000 0000 2044 3144 4630 3033 4D54 4644 4441
030: 4B34 3830 5444 4320 2020 2020 2020 2020 2020 2020
040: 2020 2020 2020 2020 2020 2020 2020 8010 4000 2F00
050: 4001 0000 0000 0006 3FFF 0010 003F FC10 00FB BD10
060: FFFF 0FFF 0000 0007 0003 0078 0078 0078 0078 4D20
070: 0000 0000 0000 0000 0000 001F 950E 0206 0044 0044
080: 07F8 006D 7069 7409 6123 7069 B409 6123 407F 0000
090: 0000 00FE 0000 0000 0000 0000 0000 0000 0000 0000
100: 36B0 37E4 0000 0000 0000 0008 6003 0000 500A 0751
110: 25F1 9962 0000 0000 0000 0000 0000 0000 0000 415E
120: 401C 0000 0000 0000 0000 0000 0000 0000 0000 3930
130: 6239 6361 6420 2020 2020 2020 2020 0000 0000 0000
140: 0000 0000 0000 0000 0000 0000 0000 4D54 4644 4441
150: 4B34 3830 5444 4320 0000 0000 0000 0000 0000 0000
160: 0000 0000 0000 0000 0000 0000 0000 0000 0003 0001
170: 4445 4C4C 2874 6D29 0000 0000 0000 0000 0000 0000
180: 0000 0000 0000 0000 0000 0000 0000 0000 0000 0000
190: 0000 0000 0000 0000 0000 0000 0000 0000 0000 0000
200: 0000 0000 0000 0000 0000 0000 003D 0000 0000 4000
210: 0000 0000 0000 0001 0000 0000 0000 0001 0000 0000
220: 0000 0000 10FF 0000 0000 0000 0000 0000 0000 0000
230: 0000 0000 0000 0000 0001 0000 0000 0000 0000 0000
240: 0000 0000 0000 0000 0000 0000 0000 0000 0000 0000
250: 0000 0000 0000 0000 0000 23A5

-- SMART_READ_DATA ---------------------------------------------------------
     +0 +1 +2 +3 +4 +5 +6 +7 +8 +9 +A +B +C +D +E +F
000: 10 00 01 2E 00 64 64 00 00 00 00 00 00 00 05 33
010: 00 64 64 00 00 00 00 00 00 00 09 32 00 64 64 81
020: 00 00 00 00 00 00 0C 32 00 64 64 0D 00 00 00 00
030: 00 00 0D 32 00 64 64 00 00 00 00 00 00 00 AD 32
040: 00 64 64 01 00 00 00 00 00 00 AE 32 00 64 64 0C
050: 00 00 00 00 00 00 B3 33 00 64 64 00 00 00 00 00
060: 00 00 B4 32 00 00 00 16 10 00 00 00 00 00 B5 32
070: 00 64 64 00 00 00 00 00 00 00 B6 32 00 64 64 00
080: 00 00 00 00 00 00 B7 32 00 64 64 00 00 00 00 00
090: 00 00 B8 32 00 64 64 00 00 00 00 00 00 00 BC 32
0A0: 00 64 64 29 00 00 00 00 00 00 C1 32 00 64 64 00
0B0: 00 00 00 00 00 00 C2 22 00 4D 44 17 00 13 00 20
0C0: 00 00 C3 2E 00 64 64 00 00 00 00 00 00 00 C4 32
0D0: 00 64 64 00 00 00 00 00 00 00 C5 32 00 64 64 00
0E0: 00 00 00 00 00 00 C6 32 00 64 64 00 00 00 00 00
0F0: 00 00 C7 32 00 64 64 00 00 00 00 00 00 00 C9 33
100: 00 64 64 00 00 00 00 00 00 00 CA 33 00 64 64 5E
110: 0F 00 00 00 00 00 CE 0E 00 64 64 00 00 00 00 00
120: 00 00 D2 32 00 64 64 00 00 00 00 00 00 00 E9 32
130: 00 64 64 44 2E 27 05 00 00 00 F5 30 00 64 64 64
140: 00 00 00 00 00 00 F7 32 00 64 64 6F 85 29 00 00
150: 00 00 F8 32 00 64 64 A7 78 04 00 00 00 00 00 00
160: 00 00 00 00 00 00 00 00 00 00 00 00 8A 06 00 7B
170: 03 00 01 80 02 1D 03 00 00 00 00 00 00 00 00 00
180: 00 00 00 00 00 00 00 00 00 00 00 00 00 00 00 00
190: 00 00 00 00 00 00 00 00 00 00 00 00 00 00 00 00
1A0: 00 00 00 00 00 00 00 00 00 00 00 00 00 00 00 00
1B0: 00 00 00 00 00 00 00 00 00 00 00 00 00 00 00 00
1C0: 00 00 00 00 00 00 00 00 00 00 00 00 00 00 00 00
1D0: 00 00 00 00 00 00 00 00 00 00 00 00 00 00 00 00
1E0: 00 00 00 00 00 00 00 00 00 00 00 00 00 00 00 00
1F0: 00 00 00 00 00 00 00 00 00 00 00 00 00 00 00 67

-- SMART_READ_THRESHOLD ----------------------------------------------------
     +0 +1 +2 +3 +4 +5 +6 +7 +8 +9 +A +B +C +D +E +F
000: 10 00 01 32 00 00 00 00 00 00 00 00 00 00 05 0A
010: 00 00 00 00 00 00 00 00 00 00 09 00 00 00 00 00
020: 00 00 00 00 00 00 0C 01 00 00 00 00 00 00 00 00
030: 00 00 0D 00 00 00 00 00 00 00 00 00 00 00 AD 00
040: 00 00 00 00 00 00 00 00 00 00 AE 00 00 00 00 00
050: 00 00 00 00 00 00 B3 00 00 00 00 00 00 00 00 00
060: 00 00 B4 00 00 00 00 00 00 00 00 00 00 00 B5 01
070: 00 00 00 00 00 00 00 00 00 00 B6 01 00 00 00 00
080: 00 00 00 00 00 00 B7 00 00 00 00 00 00 00 00 00
090: 00 00 B8 00 00 00 00 00 00 00 00 00 00 00 BC 00
0A0: 00 00 00 00 00 00 00 00 00 00 C1 00 00 00 00 00
0B0: 00 00 00 00 00 00 C2 00 00 00 00 00 00 00 00 00
0C0: 00 00 C3 00 00 00 00 00 00 00 00 00 00 00 C4 00
0D0: 00 00 00 00 00 00 00 00 00 00 C5 00 00 00 00 00
0E0: 00 00 00 00 00 00 C6 00 00 00 00 00 00 00 00 00
0F0: 00 00 C7 00 00 00 00 00 00 00 00 00 00 00 C9 01
100: 00 00 00 00 00 00 00 00 00 00 CA 05 00 00 00 00
110: 00 00 00 00 00 00 CE 00 00 00 00 00 00 00 00 00
120: 00 00 D2 00 00 00 00 00 00 00 00 00 00 00 E9 00
130: 00 00 00 00 00 00 00 00 00 00 F5 01 00 00 00 00
140: 00 00 00 00 00 00 F7 00 00 00 00 00 00 00 00 00
150: 00 00 F8 00 00 00 00 00 00 00 00 00 00 00 00 00
160: 00 00 00 00 00 00 00 00 00 00 00 00 00 00 00 00
170: 00 00 00 00 00 00 00 00 00 00 00 00 00 00 00 00
180: 00 00 00 00 00 00 00 00 00 00 00 00 00 00 00 00
190: 00 00 00 00 00 00 00 00 00 00 00 00 00 00 00 00
1A0: 00 00 00 00 00 00 00 00 00 00 00 00 00 00 00 00
1B0: 00 00 00 00 00 00 00 00 00 00 00 00 00 00 00 00
1C0: 00 00 00 00 00 00 00 00 00 00 00 00 00 00 00 00
1D0: 00 00 00 00 00 00 00 00 00 00 00 00 00 00 00 00
1E0: 00 00 00 00 00 00 00 00 00 00 00 00 00 00 00 00
1F0: 00 00 00 00 00 00 00 00 00 00 00 00 00 00 00 CE

----------------------------------------------------------------------------
 (4) MTFDDAK480TDC
----------------------------------------------------------------------------
           Model : MTFDDAK480TDC
        Firmware : D1DF003
   Serial Number : 
       Disk Size : 480.1 GB (8.4/137.4/480.1/----)
     Buffer Size : Unknown
     Queue Depth : 32
    # of Sectors : 937703088
   Rotation Rate : ---- (SSD)
       Interface : Serial ATA
   Major Version : ACS-3
   Minor Version : ACS-3 Revision 5
   Transfer Mode : SATA/600 | SATA/600
  Power On Hours : 129 hours
  Power On Count : 13 count
     Temperature : 22 C (71 F)
   Health Status : Good
        Features : S.M.A.R.T., APM, 48bit LBA, NCQ, TRIM
       APM Level : 00FEh [ON]
       AAM Level : ----
    Drive Letter : 

-- S.M.A.R.T. --------------------------------------------------------------
ID Cur Wor Thr RawValues(6) Attribute Name
01 100 100 _50 000000000000 Read Error Rate
05 100 100 _10 000000000000 Reallocated Sectors Count
09 100 100 __0 000000000081 Power-On Hours
0C 100 100 __1 00000000000D Power Cycle Count
0D 100 100 __0 000000000000 Soft Read Error Rate stab
AD 100 100 __0 000000000001 Vendor Specific
AE 100 100 __0 00000000000C Vendor Specific
B3 100 100 __0 000000000000 Vendor Specific
B4 __0 __0 __0 000000001016 Vendor Specific
B5 100 100 __1 000000000000 Vendor Specific
B6 100 100 __1 000000000000 Vendor Specific
B7 100 100 __0 000000000000 Vendor Specific
B8 100 100 __0 000000000000 Vendor Specific
BC 100 100 __0 000000000029 Vendor Specific
C1 100 100 __0 000000000000 Vendor Specific
C2 _78 _68 __0 002000130016 Temperature
C3 100 100 __0 000000000000 Vendor Specific
C4 100 100 __0 000000000000 Reallocation Event Count
C5 100 100 __0 000000000000 Current Pending Sector Count
C6 100 100 __0 000000000000 Uncorrectable Sector Count
C7 100 100 __0 000000000000 Vendor Specific
C9 100 100 __1 000000000000 Vendor Specific
CA 100 100 __5 000000000F5D Vendor Specific
CE 100 100 __0 000000000000 Vendor Specific
D2 100 100 __0 000000000000 Vendor Specific
E9 100 100 __0 000005291E8B Vendor Specific
F5 100 100 __1 000000000064 Vendor Specific
F7 100 100 __0 000000299478 Vendor Specific
F8 100 100 __0 0000000458FA Vendor Specific

-- IDENTIFY_DEVICE ---------------------------------------------------------
        0    1    2    3    4    5    6    7    8    9
000: 0440 3FFF C837 0010 0000 0000 003F 0000 0000 0000
010: 2020 2020 2020 2020 3230 3033 3235 4631 3941 3832
020: 0000 0000 0000 2044 3144 4630 3033 4D54 4644 4441
030: 4B34 3830 5444 4320 2020 2020 2020 2020 2020 2020
040: 2020 2020 2020 2020 2020 2020 2020 8010 4000 2F00
050: 4001 0000 0000 0006 3FFF 0010 003F FC10 00FB BD10
060: FFFF 0FFF 0000 0007 0003 0078 0078 0078 0078 4D20
070: 0000 0000 0000 0000 0000 001F 950E 0206 0044 0044
080: 07F8 006D 7069 7409 6123 7069 B409 6123 407F 0000
090: 0000 00FE 0000 0000 0000 0000 0000 0000 0000 0000
100: 36B0 37E4 0000 0000 0000 0008 6003 0000 500A 0751
110: 25F1 9A82 0000 0000 0000 0000 0000 0000 0000 415E
120: 401C 0000 0000 0000 0000 0000 0000 0000 0000 3930
130: 6239 6361 6420 2020 2020 2020 2020 0000 0000 0000
140: 0000 0000 0000 0000 0000 0000 0000 4D54 4644 4441
150: 4B34 3830 5444 4320 0000 0000 0000 0000 0000 0000
160: 0000 0000 0000 0000 0000 0000 0000 0000 0003 0001
170: 4445 4C4C 2874 6D29 0000 0000 0000 0000 0000 0000
180: 0000 0000 0000 0000 0000 0000 0000 0000 0000 0000
190: 0000 0000 0000 0000 0000 0000 0000 0000 0000 0000
200: 0000 0000 0000 0000 0000 0000 003D 0000 0000 4000
210: 0000 0000 0000 0001 0000 0000 0000 0001 0000 0000
220: 0000 0000 10FF 0000 0000 0000 0000 0000 0000 0000
230: 0000 0000 0000 0000 0001 0000 0000 0000 0000 0000
240: 0000 0000 0000 0000 0000 0000 0000 0000 0000 0000
250: 0000 0000 0000 0000 0000 F8A5

-- SMART_READ_DATA ---------------------------------------------------------
     +0 +1 +2 +3 +4 +5 +6 +7 +8 +9 +A +B +C +D +E +F
000: 10 00 01 2E 00 64 64 00 00 00 00 00 00 00 05 33
010: 00 64 64 00 00 00 00 00 00 00 09 32 00 64 64 81
020: 00 00 00 00 00 00 0C 32 00 64 64 0D 00 00 00 00
030: 00 00 0D 32 00 64 64 00 00 00 00 00 00 00 AD 32
040: 00 64 64 01 00 00 00 00 00 00 AE 32 00 64 64 0C
050: 00 00 00 00 00 00 B3 33 00 64 64 00 00 00 00 00
060: 00 00 B4 32 00 00 00 16 10 00 00 00 00 00 B5 32
070: 00 64 64 00 00 00 00 00 00 00 B6 32 00 64 64 00
080: 00 00 00 00 00 00 B7 32 00 64 64 00 00 00 00 00
090: 00 00 B8 32 00 64 64 00 00 00 00 00 00 00 BC 32
0A0: 00 64 64 29 00 00 00 00 00 00 C1 32 00 64 64 00
0B0: 00 00 00 00 00 00 C2 22 00 4E 44 16 00 13 00 20
0C0: 00 00 C3 2E 00 64 64 00 00 00 00 00 00 00 C4 32
0D0: 00 64 64 00 00 00 00 00 00 00 C5 32 00 64 64 00
0E0: 00 00 00 00 00 00 C6 32 00 64 64 00 00 00 00 00
0F0: 00 00 C7 32 00 64 64 00 00 00 00 00 00 00 C9 33
100: 00 64 64 00 00 00 00 00 00 00 CA 33 00 64 64 5D
110: 0F 00 00 00 00 00 CE 0E 00 64 64 00 00 00 00 00
120: 00 00 D2 32 00 64 64 00 00 00 00 00 00 00 E9 32
130: 00 64 64 8B 1E 29 05 00 00 00 F5 30 00 64 64 64
140: 00 00 00 00 00 00 F7 32 00 64 64 78 94 29 00 00
150: 00 00 F8 32 00 64 64 FA 58 04 00 00 00 00 00 00
160: 00 00 00 00 00 00 00 00 00 00 00 00 8A 06 00 7B
170: 03 00 01 80 02 1D 03 00 00 00 00 00 00 00 00 00
180: 00 00 00 00 00 00 00 00 00 00 00 00 00 00 00 00
190: 00 00 00 00 00 00 00 00 00 00 00 00 00 00 00 00
1A0: 00 00 00 00 00 00 00 00 00 00 00 00 00 00 00 00
1B0: 00 00 00 00 00 00 00 00 00 00 00 00 00 00 00 00
1C0: 00 00 00 00 00 00 00 00 00 00 00 00 00 00 00 00
1D0: 00 00 00 00 00 00 00 00 00 00 00 00 00 00 00 00
1E0: 00 00 00 00 00 00 00 00 00 00 00 00 00 00 00 00
1F0: 00 00 00 00 00 00 00 00 00 00 00 00 00 00 00 E4

-- SMART_READ_THRESHOLD ----------------------------------------------------
     +0 +1 +2 +3 +4 +5 +6 +7 +8 +9 +A +B +C +D +E +F
000: 10 00 01 32 00 00 00 00 00 00 00 00 00 00 05 0A
010: 00 00 00 00 00 00 00 00 00 00 09 00 00 00 00 00
020: 00 00 00 00 00 00 0C 01 00 00 00 00 00 00 00 00
030: 00 00 0D 00 00 00 00 00 00 00 00 00 00 00 AD 00
040: 00 00 00 00 00 00 00 00 00 00 AE 00 00 00 00 00
050: 00 00 00 00 00 00 B3 00 00 00 00 00 00 00 00 00
060: 00 00 B4 00 00 00 00 00 00 00 00 00 00 00 B5 01
070: 00 00 00 00 00 00 00 00 00 00 B6 01 00 00 00 00
080: 00 00 00 00 00 00 B7 00 00 00 00 00 00 00 00 00
090: 00 00 B8 00 00 00 00 00 00 00 00 00 00 00 BC 00
0A0: 00 00 00 00 00 00 00 00 00 00 C1 00 00 00 00 00
0B0: 00 00 00 00 00 00 C2 00 00 00 00 00 00 00 00 00
0C0: 00 00 C3 00 00 00 00 00 00 00 00 00 00 00 C4 00
0D0: 00 00 00 00 00 00 00 00 00 00 C5 00 00 00 00 00
0E0: 00 00 00 00 00 00 C6 00 00 00 00 00 00 00 00 00
0F0: 00 00 C7 00 00 00 00 00 00 00 00 00 00 00 C9 01
100: 00 00 00 00 00 00 00 00 00 00 CA 05 00 00 00 00
110: 00 00 00 00 00 00 CE 00 00 00 00 00 00 00 00 00
120: 00 00 D2 00 00 00 00 00 00 00 00 00 00 00 E9 00
130: 00 00 00 00 00 00 00 00 00 00 F5 01 00 00 00 00
140: 00 00 00 00 00 00 F7 00 00 00 00 00 00 00 00 00
150: 00 00 F8 00 00 00 00 00 00 00 00 00 00 00 00 00
160: 00 00 00 00 00 00 00 00 00 00 00 00 00 00 00 00
170: 00 00 00 00 00 00 00 00 00 00 00 00 00 00 00 00
180: 00 00 00 00 00 00 00 00 00 00 00 00 00 00 00 00
190: 00 00 00 00 00 00 00 00 00 00 00 00 00 00 00 00
1A0: 00 00 00 00 00 00 00 00 00 00 00 00 00 00 00 00
1B0: 00 00 00 00 00 00 00 00 00 00 00 00 00 00 00 00
1C0: 00 00 00 00 00 00 00 00 00 00 00 00 00 00 00 00
1D0: 00 00 00 00 00 00 00 00 00 00 00 00 00 00 00 00
1E0: 00 00 00 00 00 00 00 00 00 00 00 00 00 00 00 00
1F0: 00 00 00 00 00 00 00 00 00 00 00 00 00 00 00 CE

