*SHI by WebGUI: HighPoint RAID Management 2.1.4.12.1026
Storage Health Inspector(SHI) 
Controller ID|Port#|Device Serial Number|RAID|  F|Bad Sectors Found & Repaired|Device Status
-------------|-----|--------------------|----|---|----------------------------|--------------
            1|    5|6SJ8R5090000N5250MUK|None|120|None                        |OK

Device                         Name Device_1_5 
Model Number                   SEAGATE ST3300657SS-6SJ8R5090000N5250MUK 
Exception Control and Warning  Enabled  
 

SCSI S.M.A.R.T Attributes 

  ID|Name                                            |Value 
----|------------------------------------------------|----------
 300|Read errors corrected by ECC hardware method    |         0 
 301|Read errors corrected with possible delays      |         0 
 302|Total read errors                               |         0 
 303|Total read errors corrected                     |     32815 
 304|Total read errors corrected by algorythm        |         0 
 305|Total bytes read                                |4095947776 
 306|Total uncorrected read errors                   |         0 
 201|Write errors corrected with possible delays     |         0 
 202|Total write errors                              |         0 
 203|Total write errors corrected                    |         0 
 204|Total write errors corrected by algorythm       |         0 
 205|Total bytes written                             |1984796672 
 206|Total uncorrected write errors                  |         0 
 600|Non medium errors                               |       289 
3700|Blocks sent to initiator                        |  24777114 
3701|Blocks received from initiator                  |  54081080 
3702|Blocks read from cache and sent to initiator    |    127332
3703|I/O commands with size smaller than segment size|     94615
3704|I/O commands with size larger than segment size |         0
3e00|Power on time (minutes)                         |      4418
3e08|Remaining minutes until next internal test      |        26


*API calls captured by API Monitor v2 Alpha-r13 (Portable Edition)
#	Time of Day	Thread	Module	API	Return Value	Error	Duration
1	10:21:45.145 PM	1	HPTDEV.dll	DeviceIoControl ( 0x000000ec, IOCTL_SCSI_MINIPORT, 0x010b18d0, 80, 0x010b18d0, 80, 0x018ffc90, NULL )	FALSE	1117 = I/O デバイス エラーが発生したため、要求を実行できませんでした。 	0.0000354
2	10:21:45.844 PM	2	HPTDEV.dll	DeviceIoControl ( 0x000000ec, IOCTL_SCSI_MINIPORT, 0x010b1920, 324, 0x010b1920, 324, 0x0097e904, NULL )	TRUE		0.0586905
3	10:21:45.903 PM	2	HPTDEV.dll	DeviceIoControl ( 0x000000ec, IOCTL_SCSI_MINIPORT, 0x010b1a70, 136, 0x010b1a70, 136, 0x0097e8a8, NULL )	TRUE		0.0006304
4	10:21:45.904 PM	2	HPTDEV.dll	DeviceIoControl ( 0x000000ec, IOCTL_SCSI_MINIPORT, 0x010b1f20, 200, 0x010b1f20, 200, 0x0097e91c, NULL )	TRUE		0.0748618
5	10:21:45.979 PM	2	HPTDEV.dll	DeviceIoControl ( 0x000000ec, IOCTL_SCSI_MINIPORT, 0x010b1100, 88, 0x010b1100, 88, 0x0097e8f4, NULL )	TRUE		0.0620109
6	10:21:46.040 PM	2	HPTDEV.dll	DeviceIoControl ( 0x000000ec, IOCTL_SCSI_MINIPORT, 0x010b12a0, 324, 0x010b12a0, 324, 0x0097e7f4, NULL )	TRUE		0.0584101
7	10:21:46.099 PM	2	HPTDEV.dll	DeviceIoControl ( 0x000000ec, IOCTL_SCSI_MINIPORT, 0x010b13f0, 324, 0x010b13f0, 324, 0x0097e7f8, NULL )	TRUE		0.0003970
8	10:21:46.100 PM	2	HPTDEV.dll	DeviceIoControl ( 0x000000ec, IOCTL_SCSI_MINIPORT, 0x010b1540, 324, 0x010b1540, 324, 0x0097e7ec, NULL )	TRUE		0.0585144
9	10:21:46.158 PM	2	HPTDEV.dll	DeviceIoControl ( 0x000000ec, IOCTL_SCSI_MINIPORT, 0x010b1690, 324, 0x010b1690, 324, 0x0097e7ec, NULL )	TRUE		0.0584320
10	10:21:46.216 PM	2	HPTDEV.dll	DeviceIoControl ( 0x000000ec, IOCTL_SCSI_MINIPORT, 0x010b17e0, 324, 0x010b17e0, 324, 0x0097e7ec, NULL )	TRUE		0.0584730
11	10:21:46.275 PM	2	HPTDEV.dll	DeviceIoControl ( 0x000000ec, IOCTL_SCSI_MINIPORT, 0x010b1930, 324, 0x010b1930, 324, 0x0097e7ec, NULL )	TRUE		0.0583932
12	10:21:46.334 PM	2	HPTDEV.dll	DeviceIoControl ( 0x000000ec, IOCTL_SCSI_MINIPORT, 0x010b12a0, 324, 0x010b12a0, 324, 0x0097e8e0, NULL )	TRUE		0.0584796
13	10:21:46.392 PM	2	HPTDEV.dll	DeviceIoControl ( 0x000000ec, IOCTL_SCSI_MINIPORT, 0x010b13f0, 324, 0x010b13f0, 324, 0x0097e8e0, NULL )	TRUE		0.0583691
14	10:21:46.451 PM	2	HPTDEV.dll	DeviceIoControl ( 0x000000ec, IOCTL_SCSI_MINIPORT, 0x010b1540, 40, 0x010b1540, 40, 0x0097e838, NULL )	TRUE		0.0000189
15	10:21:46.451 PM	2	HPTDEV.dll	DeviceIoControl ( 0x000000ec, IOCTL_SCSI_MINIPORT, 0x010b1570, 128, 0x010b1570, 128, 0x0097e7d0, NULL )	TRUE		0.0000070
16	10:21:46.451 PM	2	HPTDEV.dll	DeviceIoControl ( 0x000000ec, IOCTL_SCSI_MINIPORT, 0x010b15f0, 128, 0x010b15f0, 128, 0x0097e7b4, NULL )	TRUE		0.0000056
17	10:21:46.451 PM	2	HPTDEV.dll	DeviceIoControl ( 0x000000ec, IOCTL_SCSI_MINIPORT, 0x010b1670, 56, 0x010b1670, 56, 0x0097e854, NULL )	TRUE		0.0000063
18	10:21:46.451 PM	2	HPTDEV.dll	DeviceIoControl ( 0x000000ec, IOCTL_SCSI_MINIPORT, 0x010b16b0, 292, 0x010b16b0, 292, 0x0097e87c, NULL )	TRUE		0.0000066
19	10:21:47.145 PM	1	HPTDEV.dll	DeviceIoControl ( 0x000000ec, IOCTL_SCSI_MINIPORT, 0x010b17e0, 80, 0x010b17e0, 80, 0x018ffc90, NULL )	FALSE	1117 = I/O デバイス エラーが発生したため、要求を実行できませんでした。 	0.0000308
20	10:21:49.146 PM	1	HPTDEV.dll	DeviceIoControl ( 0x000000ec, IOCTL_SCSI_MINIPORT, 0x010b1830, 80, 0x010b1830, 80, 0x018ffc90, NULL )	FALSE	1117 = I/O デバイス エラーが発生したため、要求を実行できませんでした。 	0.0000321
21	10:21:49.146 PM	1	HPTDEV.dll	DeviceIoControl ( 0x000000ec, IOCTL_SCSI_MINIPORT, 0x010b1880, 40, 0x010b1880, 40, 0x018fff38, NULL )	TRUE		0.0000136
22	10:21:49.146 PM	1	HPTDEV.dll	DeviceIoControl ( 0x000000ec, IOCTL_SCSI_MINIPORT, 0x010b18b0, 44, 0x010b18b0, 44, 0x018fff24, NULL )	TRUE		0.0000119
23	10:21:49.146 PM	1	HPTDEV.dll	DeviceIoControl ( 0x000000ec, IOCTL_SCSI_MINIPORT, 0x010b18e0, 40, 0x010b18e0, 40, 0x018fff38, NULL )	TRUE		0.0000096
24	10:21:51.146 PM	1	HPTDEV.dll	DeviceIoControl ( 0x000000ec, IOCTL_SCSI_MINIPORT, 0x010b1910, 80, 0x010b1910, 80, 0x018ffc90, NULL )	FALSE	1117 = I/O デバイス エラーが発生したため、要求を実行できませんでした。 	0.0000391
25	10:21:53.146 PM	1	HPTDEV.dll	DeviceIoControl ( 0x000000ec, IOCTL_SCSI_MINIPORT, 0x010b1960, 80, 0x010b1960, 80, 0x018ffc90, NULL )	FALSE	1117 = I/O デバイス エラーが発生したため、要求を実行できませんでした。 	0.0000374
26	10:21:55.147 PM	1	HPTDEV.dll	DeviceIoControl ( 0x000000ec, IOCTL_SCSI_MINIPORT, 0x010b19b0, 80, 0x010b19b0, 80, 0x018ffc90, NULL )	FALSE	1117 = I/O デバイス エラーが発生したため、要求を実行できませんでした。 	0.0000526

*IN1
0000  1c 00 00 00 48 50 54 2d 43 54 52 4c 14 00 00 00  ....HPT-CTRL....
0010  28 24 70 03 00 00 00 00 34 00 00 00 00 00 00 00  ($p.....4.......
0020  2c 00 00 00 00 00 00 00 00 00 00 00 00 00 00 00  ,...............
0030  00 00 00 00 00 00 00 00 00 00 00 00 00 00 00 00  ................
0040  00 00 00 00 00 00 00 00 00 00 00 00 00 00 00 00  ................ 

*OUT1
no output, err

*IN2
0000  1c 00 00 00 48 50 54 2d 43 54 52 4c 14 00 00 00  ....HPT-CTRL....
0010  ec 24 70 03 00 00 00 00 28 01 00 00 1c 00 00 00  .$p.....(.......
0020  04 01 00 00 02 00 00 00 01 00 00 0a 4d 00 40 00  ............M.@.
0030  00 00 00 00 fc 00 00 00 00 00 00 00 fc 00 00 00  ................
0040  00 00 00 00 00 00 00 00 00 00 00 00 00 00 00 00  ................
0050  00 00 00 00 00 00 00 00 00 00 00 00 00 00 00 00  ................
0060  00 00 00 00 00 00 00 00 00 00 00 00 00 00 00 00  ................
0070  00 00 00 00 00 00 00 00 00 00 00 00 00 00 00 00  ................
0080  00 00 00 00 00 00 00 00 00 00 00 00 00 00 00 00  ................
0090  00 00 00 00 00 00 00 00 00 00 00 00 00 00 00 00  ................
00a0  00 00 00 00 00 00 00 00 00 00 00 00 00 00 00 00  ................
00b0  00 00 00 00 00 00 00 00 00 00 00 00 00 00 00 00  ................
00c0  00 00 00 00 00 00 00 00 00 00 00 00 00 00 00 00  ................
00d0  00 00 00 00 00 00 00 00 00 00 00 00 00 00 00 00  ................
00e0  00 00 00 00 00 00 00 00 00 00 00 00 00 00 00 00  ................
00f0  00 00 00 00 00 00 00 00 00 00 00 00 00 00 00 00  ................
0100  00 00 00 00 00 00 00 00 00 00 00 00 00 00 00 00  ................
0110  00 00 00 00 00 00 00 00 00 00 00 00 00 00 00 00  ................
0120  00 00 00 00 00 00 00 00 00 00 00 00 00 00 00 00  ................
0130  00 00 00 00 00 00 00 00 00 00 00 00 00 00 00 00  ................
0140  00 00 00 00                                      ....             

*OUT2
0000  1c 00 00 00 48 50 54 2d 43 54 52 4c 14 00 00 00  ....HPT-CTRL....
0010  ec 24 70 03 00 00 00 00 28 01 00 00 1c 00 00 00  .$p.....(.......
0020  04 01 00 00 02 00 00 00 01 00 00 0a 4d 00 40 00  ............M.@.
0030  00 00 00 00 fc 00 00 00 00 00 00 00 fc 00 00 00  ................
0040  00 00 00 00 fc 00 00 00 00 00 00 11 00 02 03 05  ................
0050  06 0d 0f 10 15 18 2f 32 35 36 37 38 3e 00 00 00  ....../25678>...
0060  00 00 00 00 00 00 00 00 00 00 00 00 00 00 00 00  ................
0070  00 00 00 00 00 00 00 00 00 00 00 00 00 00 00 00  ................
0080  00 00 00 00 00 00 00 00 00 00 00 00 00 00 00 00  ................
0090  00 00 00 00 00 00 00 00 00 00 00 00 00 00 00 00  ................
00a0  00 00 00 00 00 00 00 00 00 00 00 00 00 00 00 00  ................
00b0  00 00 00 00 00 00 00 00 00 00 00 00 00 00 00 00  ................
00c0  00 00 00 00 00 00 00 00 00 00 00 00 00 00 00 00  ................
00d0  00 00 00 00 00 00 00 00 00 00 00 00 00 00 00 00  ................
00e0  00 00 00 00 00 00 00 00 00 00 00 00 00 00 00 00  ................
00f0  00 00 00 00 00 00 00 00 00 00 00 00 00 00 00 00  ................
0100  00 00 00 00 00 00 00 00 00 00 00 00 00 00 00 00  ................
0110  00 00 00 00 00 00 00 00 00 00 00 00 00 00 00 00  ................
0120  00 00 00 00 00 00 00 00 00 00 00 00 00 00 00 00  ................
0130  00 00 00 00 00 00 00 00 00 00 00 00 00 00 00 00  ................
0140  00 00 00 00                                      ....             

*IN3
0000  1c 00 00 00 48 50 54 2d 43 54 52 4c 14 00 00 00  ....HPT-CTRL....
0010  ec 24 70 03 00 00 00 00 6c 00 00 00 1c 00 00 00  .$p.....l.......
0020  48 00 00 00 02 00 00 00 01 00 00 06 1a 00 1c 00  H...............
0030  40 00 00 00 00 00 00 00 00 00 00 00 40 00 00 00  @...........@...
0040  00 00 00 00 00 00 00 00 00 00 00 00 00 00 00 00  ................
0050  00 00 00 00 00 00 00 00 00 00 00 00 00 00 00 00  ................
0060  00 00 00 00 00 00 00 00 00 00 00 00 00 00 00 00  ................
0070  00 00 00 00 00 00 00 00 00 00 00 00 00 00 00 00  ................
0080  00 00 00 00 00 00 00 00                          ........         

*OUT3
0000  1c 00 00 00 48 50 54 2d 43 54 52 4c 14 00 00 00  ....HPT-CTRL....
0010  ec 24 70 03 00 00 00 00 6c 00 00 00 1c 00 00 00  .$p.....l.......
0020  48 00 00 00 02 00 00 00 01 00 00 06 1a 00 1c 00  H...............
0030  40 00 00 00 00 00 00 00 00 00 00 00 40 00 00 00  @...........@...
0040  00 00 00 00 40 00 00 00 17 00 10 08 00 00 00 00  ....@...........
0050  00 00 02 00 9c 0a 11 04 00 00 0b b8 00 00 00 02  ................
0060  00 00 00 00 00 00 00 00 00 00 00 00 00 00 00 00  ................
0070  00 00 00 00 00 00 00 00 00 00 00 00 00 00 00 00  ................
0080  00 00 00 00 00 00 00 00                          ........         

*IN4
0000  1c 00 00 00 48 50 54 2d 43 54 52 4c 14 00 00 00  ....HPT-CTRL....
0010  ec 24 70 03 00 00 00 00 ac 00 00 00 1c 00 00 00  .$p.............
0020  88 00 00 00 02 00 00 00 01 00 00 0a 37 00 0c 00  ............7...
0030  00 00 00 00 80 00 00 00 00 00 00 00 80 00 00 00  ................
0040  00 00 00 00 00 00 00 00 00 00 00 00 00 00 00 00  ................
0050  00 00 00 00 00 00 00 00 00 00 00 00 00 00 00 00  ................
0060  00 00 00 00 00 00 00 00 00 00 00 00 00 00 00 00  ................
0070  00 00 00 00 00 00 00 00 00 00 00 00 00 00 00 00  ................
0080  00 00 00 00 00 00 00 00 00 00 00 00 00 00 00 00  ................
0090  00 00 00 00 00 00 00 00 00 00 00 00 00 00 00 00  ................
00a0  00 00 00 00 00 00 00 00 00 00 00 00 00 00 00 00  ................
00b0  00 00 00 00 00 00 00 00 00 00 00 00 00 00 00 00  ................
00c0  00 00 00 00 00 00 00 00                          ........         

*OUT4
0000  1c 00 00 00 48 50 54 2d 43 54 52 4c 14 00 00 00  ....HPT-CTRL....
0010  ec 24 70 03 00 00 00 00 ac 00 00 00 1c 00 00 00  .$p.............
0020  88 00 00 00 02 00 00 00 01 00 00 0a 37 00 0c 00  ............7...
0030  00 00 00 00 80 00 00 00 00 00 00 00 80 00 00 00  ................
0040  00 00 00 00 80 00 00 00 00 0c 00 00 00 00 00 00  ................
0050  00 00 00 00 00 00 00 00 00 00 00 00 00 00 00 00  ................
0060  00 00 00 00 00 00 00 00 00 00 00 00 00 00 00 00  ................
0070  00 00 00 00 00 00 00 00 00 00 00 00 00 00 00 00  ................
0080  00 00 00 00 00 00 00 00 00 00 00 00 00 00 00 00  ................
0090  00 00 00 00 00 00 00 00 00 00 00 00 00 00 00 00  ................
00a0  00 00 00 00 00 00 00 00 00 00 00 00 00 00 00 00  ................
00b0  00 00 00 00 00 00 00 00 00 00 00 00 00 00 00 00  ................
00c0  00 00 00 00 00 00 00 00                          ........         

*IN5
0000  1c 00 00 00 48 50 54 2d 43 54 52 4c 14 00 00 00  ....HPT-CTRL....
0010  ec 24 70 03 00 00 00 00 3c 00 00 00 1c 00 00 00  .$p.....<.......
0020  18 00 00 00 02 00 00 00 01 00 00 0a 4d 00 4d 00  ............M.M.
0030  00 00 00 00 10 00 00 00 00 00 00 00 10 00 00 00  ................
0040  00 00 00 00 00 00 00 00 00 00 00 00 00 00 00 00  ................
0050  00 00 00 00 00 00 00 00                          ........         

*OUT5
0000  1c 00 00 00 48 50 54 2d 43 54 52 4c 14 00 00 00  ....HPT-CTRL....
0010  ec 24 70 03 00 00 00 00 3c 00 00 00 1c 00 00 00  .$p.....<.......
0020  18 00 00 00 02 00 00 00 01 00 00 0a 4d 00 4d 00  ............M.M.
0030  00 00 00 00 10 00 00 00 00 00 00 00 10 00 00 00  ................
0040  00 00 00 00 10 00 00 00 0d 00 00 0c 00 00 03 02  ................
0050  00 31 00 01 03 02 00 41                          .1.....A         

*IN6
0000  1c 00 00 00 48 50 54 2d 43 54 52 4c 14 00 00 00  ....HPT-CTRL....
0010  ec 24 70 03 00 00 00 00 28 01 00 00 1c 00 00 00  .$p.....(.......
0020  04 01 00 00 02 00 00 00 01 00 00 0a 4d 00 6f 00  ............M.o.
0030  00 00 00 00 fc 00 00 00 00 00 00 00 fc 00 00 00  ................
0040  00 00 00 00 00 00 00 00 00 00 00 00 00 00 00 00  ................
0050  00 00 00 00 00 00 00 00 00 00 00 00 00 00 00 00  ................
0060  00 00 00 00 00 00 00 00 00 00 00 00 00 00 00 00  ................
0070  00 00 00 00 00 00 00 00 00 00 00 00 00 00 00 00  ................
0080  00 00 00 00 00 00 00 00 00 00 00 00 00 00 00 00  ................
0090  00 00 00 00 00 00 00 00 00 00 00 00 00 00 00 00  ................
00a0  00 00 00 00 00 00 00 00 00 00 00 00 00 00 00 00  ................
00b0  00 00 00 00 00 00 00 00 00 00 00 00 00 00 00 00  ................
00c0  00 00 00 00 00 00 00 00 00 00 00 00 00 00 00 00  ................
00d0  00 00 00 00 00 00 00 00 00 00 00 00 00 00 00 00  ................
00e0  00 00 00 00 00 00 00 00 00 00 00 00 00 00 00 00  ................
00f0  00 00 00 00 00 00 00 00 00 00 00 00 00 00 00 00  ................
0100  00 00 00 00 00 00 00 00 00 00 00 00 00 00 00 00  ................
0110  00 00 00 00 00 00 00 00 00 00 00 00 00 00 00 00  ................
0120  00 00 00 00 00 00 00 00 00 00 00 00 00 00 00 00  ................
0130  00 00 00 00 00 00 00 00 00 00 00 00 00 00 00 00  ................
0140  00 00 00 00                                      ....             

*OUT6
0000  1c 00 00 00 48 50 54 2d 43 54 52 4c 14 00 00 00  ....HPT-CTRL....
0010  ec 24 70 03 00 00 00 00 28 01 00 00 1c 00 00 00  .$p.....(.......
0020  04 01 00 00 02 00 00 00 01 00 00 0a 4d 00 6f 00  ............M.o.
0030  00 00 00 00 fc 00 00 00 00 00 00 00 fc 00 00 00  ................
0040  00 00 00 00 fc 00 00 00 2f 00 00 58 00 00 03 08  ......../..X....
0050  00 00 31 44 36 00 00 00 00 03 03 04 00 00 11 42  ..1D6..........B
0060  00 04 03 04 00 00 00 0b 00 05 03 0c 00 00 00 00  ................
0070  00 00 00 00 00 00 03 25 00 06 03 28 04 00 00 00  .......%...(....
0080  04 00 00 00 10 00 00 00 14 00 00 00 16 00 00 00  ................
0090  32 00 00 00 42 00 00 00 43 00 00 00 5b 00 00 00  2...B...C...[...
00a0  75 00 00 00 00 00 00 00 00 00 00 00 00 00 00 00  u...............
00b0  00 00 00 00 00 00 00 00 00 00 00 00 00 00 00 00  ................
00c0  00 00 00 00 00 00 00 00 00 00 00 00 00 00 00 00  ................
00d0  00 00 00 00 00 00 00 00 00 00 00 00 00 00 00 00  ................
00e0  00 00 00 00 00 00 00 00 00 00 00 00 00 00 00 00  ................
00f0  00 00 00 00 00 00 00 00 00 00 00 00 00 00 00 00  ................
0100  00 00 00 00 00 00 00 00 00 00 00 00 00 00 00 00  ................
0110  00 00 00 00 00 00 00 00 00 00 00 00 00 00 00 00  ................
0120  00 00 00 00 00 00 00 00 00 00 00 00 00 00 00 00  ................
0130  00 00 00 00 00 00 00 00 00 00 00 00 00 00 00 00  ................
0140  00 00 00 00                                      ....             

*IN7
0000  1c 00 00 00 48 50 54 2d 43 54 52 4c 14 00 00 00  ....HPT-CTRL....
0010  ec 24 70 03 00 00 00 00 28 01 00 00 1c 00 00 00  .$p.....(.......
0020  04 01 00 00 02 00 00 00 01 00 00 06 03 00 00 00  ................
0030  fc 00 00 00 00 00 00 00 00 00 00 00 fc 00 00 00  ................
0040  00 00 00 00 00 00 00 00 00 00 00 00 00 00 00 00  ................
0050  00 00 00 00 00 00 00 00 00 00 00 00 00 00 00 00  ................
0060  00 00 00 00 00 00 00 00 00 00 00 00 00 00 00 00  ................
0070  00 00 00 00 00 00 00 00 00 00 00 00 00 00 00 00  ................
0080  00 00 00 00 00 00 00 00 00 00 00 00 00 00 00 00  ................
0090  00 00 00 00 00 00 00 00 00 00 00 00 00 00 00 00  ................
00a0  00 00 00 00 00 00 00 00 00 00 00 00 00 00 00 00  ................
00b0  00 00 00 00 00 00 00 00 00 00 00 00 00 00 00 00  ................
00c0  00 00 00 00 00 00 00 00 00 00 00 00 00 00 00 00  ................
00d0  00 00 00 00 00 00 00 00 00 00 00 00 00 00 00 00  ................
00e0  00 00 00 00 00 00 00 00 00 00 00 00 00 00 00 00  ................
00f0  00 00 00 00 00 00 00 00 00 00 00 00 00 00 00 00  ................
0100  00 00 00 00 00 00 00 00 00 00 00 00 00 00 00 00  ................
0110  00 00 00 00 00 00 00 00 00 00 00 00 00 00 00 00  ................
0120  00 00 00 00 00 00 00 00 00 00 00 00 00 00 00 00  ................
0130  00 00 00 00 00 00 00 00 00 00 00 00 00 00 00 00  ................
0140  00 00 00 00                                      ....             

*OUT7
0000  1c 00 00 00 48 50 54 2d 43 54 52 4c 14 00 00 00  ....HPT-CTRL....
0010  ec 24 70 03 00 00 00 00 28 01 00 00 1c 00 00 00  .$p.....(.......
0020  04 01 00 00 02 00 00 00 01 00 00 06 03 00 00 00  ................
0030  fc 00 00 00 00 00 00 00 00 00 00 00 fc 00 00 00  ................
0040  00 00 00 00 fc 00 00 00 70 00 00 00 00 00 00 0a  ........p.......
0050  00 00 00 00 00 00 00 00 00 00 00 00 00 00 00 00  ................
0060  00 00 00 00 00 00 00 00 00 00 00 00 00 00 00 00  ................
0070  00 00 00 00 00 00 00 00 00 00 00 00 00 00 00 00  ................
0080  00 00 00 00 00 00 00 00 00 00 00 00 00 00 00 00  ................
0090  00 00 00 00 00 00 00 00 00 00 00 00 00 00 00 00  ................
00a0  00 00 00 00 00 00 00 00 00 00 00 00 00 00 00 00  ................
00b0  00 00 00 00 00 00 00 00 00 00 00 00 00 00 00 00  ................
00c0  00 00 00 00 00 00 00 00 00 00 00 00 00 00 00 00  ................
00d0  00 00 00 00 00 00 00 00 00 00 00 00 00 00 00 00  ................
00e0  00 00 00 00 00 00 00 00 00 00 00 00 00 00 00 00  ................
00f0  00 00 00 00 00 00 00 00 00 00 00 00 00 00 00 00  ................
0100  00 00 00 00 00 00 00 00 00 00 00 00 00 00 00 00  ................
0110  00 00 00 00 00 00 00 00 00 00 00 00 00 00 00 00  ................
0120  00 00 00 00 00 00 00 00 00 00 00 00 00 00 00 00  ................
0130  00 00 00 00 00 00 00 00 00 00 00 00 00 00 00 00  ................
0140  00 00 00 00                                      ....             

*IN8
0000  1c 00 00 00 48 50 54 2d 43 54 52 4c 14 00 00 00  ....HPT-CTRL....
0010  ec 24 70 03 00 00 00 00 28 01 00 00 1c 00 00 00  .$p.....(.......
0020  04 01 00 00 02 00 00 00 01 00 00 0a 4d 00 43 00  ............M.C.
0030  00 00 00 00 fc 00 00 00 00 00 00 00 fc 00 00 00  ................
0040  00 00 00 00 00 00 00 00 00 00 00 00 00 00 00 00  ................
0050  00 00 00 00 00 00 00 00 00 00 00 00 00 00 00 00  ................
0060  00 00 00 00 00 00 00 00 00 00 00 00 00 00 00 00  ................
0070  00 00 00 00 00 00 00 00 00 00 00 00 00 00 00 00  ................
0080  00 00 00 00 00 00 00 00 00 00 00 00 00 00 00 00  ................
0090  00 00 00 00 00 00 00 00 00 00 00 00 00 00 00 00  ................
00a0  00 00 00 00 00 00 00 00 00 00 00 00 00 00 00 00  ................
00b0  00 00 00 00 00 00 00 00 00 00 00 00 00 00 00 00  ................
00c0  00 00 00 00 00 00 00 00 00 00 00 00 00 00 00 00  ................
00d0  00 00 00 00 00 00 00 00 00 00 00 00 00 00 00 00  ................
00e0  00 00 00 00 00 00 00 00 00 00 00 00 00 00 00 00  ................
00f0  00 00 00 00 00 00 00 00 00 00 00 00 00 00 00 00  ................
0100  00 00 00 00 00 00 00 00 00 00 00 00 00 00 00 00  ................
0110  00 00 00 00 00 00 00 00 00 00 00 00 00 00 00 00  ................
0120  00 00 00 00 00 00 00 00 00 00 00 00 00 00 00 00  ................
0130  00 00 00 00 00 00 00 00 00 00 00 00 00 00 00 00  ................
0140  00 00 00 00                                      ....             

*OUT8
0000  1c 00 00 00 48 50 54 2d 43 54 52 4c 14 00 00 00  ....HPT-CTRL....
0010  ec 24 70 03 00 00 00 00 28 01 00 00 1c 00 00 00  .$p.....(.......
0020  04 01 00 00 02 00 00 00 01 00 00 0a 4d 00 43 00  ............M.C.
0030  00 00 00 00 fc 00 00 00 00 00 00 00 fc 00 00 00  ................
0040  00 00 00 00 fc 00 00 00 03 00 00 3c 00 00 00 04  ...........<....
0050  00 00 00 00 00 01 00 04 00 00 00 00 00 02 00 04  ................
0060  00 00 00 00 00 03 00 04 00 00 80 2f 00 04 00 04  .........../....
0070  00 00 00 00 00 05 00 08 00 00 00 02 f4 23 34 00  .............#4.
0080  00 06 00 04 00 00 00 00 00 00 00 00 00 00 00 00  ................
0090  00 00 00 00 00 00 00 00 00 00 00 00 00 00 00 00  ................
00a0  00 00 00 00 00 00 00 00 00 00 00 00 00 00 00 00  ................
00b0  00 00 00 00 00 00 00 00 00 00 00 00 00 00 00 00  ................
00c0  00 00 00 00 00 00 00 00 00 00 00 00 00 00 00 00  ................
00d0  00 00 00 00 00 00 00 00 00 00 00 00 00 00 00 00  ................
00e0  00 00 00 00 00 00 00 00 00 00 00 00 00 00 00 00  ................
00f0  00 00 00 00 00 00 00 00 00 00 00 00 00 00 00 00  ................
0100  00 00 00 00 00 00 00 00 00 00 00 00 00 00 00 00  ................
0110  00 00 00 00 00 00 00 00 00 00 00 00 00 00 00 00  ................
0120  00 00 00 00 00 00 00 00 00 00 00 00 00 00 00 00  ................
0130  00 00 00 00 00 00 00 00 00 00 00 00 00 00 00 00  ................
0140  00 00 00 00                                      ....             

*IN9
0000  1c 00 00 00 48 50 54 2d 43 54 52 4c 14 00 00 00  ....HPT-CTRL....
0010  ec 24 70 03 00 00 00 00 28 01 00 00 1c 00 00 00  .$p.....(.......
0020  04 01 00 00 02 00 00 00 01 00 00 0a 4d 00 42 00  ............M.B.
0030  00 00 00 00 fc 00 00 00 00 00 00 00 fc 00 00 00  ................
0040  00 00 00 00 00 00 00 00 00 00 00 00 00 00 00 00  ................
0050  00 00 00 00 00 00 00 00 00 00 00 00 00 00 00 00  ................
0060  00 00 00 00 00 00 00 00 00 00 00 00 00 00 00 00  ................
0070  00 00 00 00 00 00 00 00 00 00 00 00 00 00 00 00  ................
0080  00 00 00 00 00 00 00 00 00 00 00 00 00 00 00 00  ................
0090  00 00 00 00 00 00 00 00 00 00 00 00 00 00 00 00  ................
00a0  00 00 00 00 00 00 00 00 00 00 00 00 00 00 00 00  ................
00b0  00 00 00 00 00 00 00 00 00 00 00 00 00 00 00 00  ................
00c0  00 00 00 00 00 00 00 00 00 00 00 00 00 00 00 00  ................
00d0  00 00 00 00 00 00 00 00 00 00 00 00 00 00 00 00  ................
00e0  00 00 00 00 00 00 00 00 00 00 00 00 00 00 00 00  ................
00f0  00 00 00 00 00 00 00 00 00 00 00 00 00 00 00 00  ................
0100  00 00 00 00 00 00 00 00 00 00 00 00 00 00 00 00  ................
0110  00 00 00 00 00 00 00 00 00 00 00 00 00 00 00 00  ................
0120  00 00 00 00 00 00 00 00 00 00 00 00 00 00 00 00  ................
0130  00 00 00 00 00 00 00 00 00 00 00 00 00 00 00 00  ................
0140  00 00 00 00                                      ....             

*OUT9
0000  1c 00 00 00 48 50 54 2d 43 54 52 4c 14 00 00 00  ....HPT-CTRL....
0010  ec 24 70 03 00 00 00 00 28 01 00 00 1c 00 00 00  .$p.....(.......
0020  04 01 00 00 02 00 00 00 01 00 00 0a 4d 00 42 00  ............M.B.
0030  00 00 00 00 fc 00 00 00 00 00 00 00 fc 00 00 00  ................
0040  00 00 00 00 fc 00 00 00 02 00 00 34 00 01 00 04  ...........4....
0050  00 00 00 00 00 02 00 04 00 00 00 00 00 03 00 04  ................
0060  00 00 00 00 00 04 00 04 00 00 00 00 00 05 00 08  ................
0070  00 00 00 06 76 4d 98 00 00 06 00 04 00 00 00 00  ....vM..........
0080  00 00 00 00 00 00 00 00 00 00 00 00 00 00 00 00  ................
0090  00 00 00 00 00 00 00 00 00 00 00 00 00 00 00 00  ................
00a0  00 00 00 00 00 00 00 00 00 00 00 00 00 00 00 00  ................
00b0  00 00 00 00 00 00 00 00 00 00 00 00 00 00 00 00  ................
00c0  00 00 00 00 00 00 00 00 00 00 00 00 00 00 00 00  ................
00d0  00 00 00 00 00 00 00 00 00 00 00 00 00 00 00 00  ................
00e0  00 00 00 00 00 00 00 00 00 00 00 00 00 00 00 00  ................
00f0  00 00 00 00 00 00 00 00 00 00 00 00 00 00 00 00  ................
0100  00 00 00 00 00 00 00 00 00 00 00 00 00 00 00 00  ................
0110  00 00 00 00 00 00 00 00 00 00 00 00 00 00 00 00  ................
0120  00 00 00 00 00 00 00 00 00 00 00 00 00 00 00 00  ................
0130  00 00 00 00 00 00 00 00 00 00 00 00 00 00 00 00  ................
0140  00 00 00 00                                      ....             

*IN10
0000  1c 00 00 00 48 50 54 2d 43 54 52 4c 14 00 00 00  ....HPT-CTRL....
0010  ec 24 70 03 00 00 00 00 28 01 00 00 1c 00 00 00  .$p.....(.......
0020  04 01 00 00 02 00 00 00 01 00 00 0a 4d 00 45 00  ............M.E.
0030  00 00 00 00 fc 00 00 00 00 00 00 00 fc 00 00 00  ................
0040  00 00 00 00 00 00 00 00 00 00 00 00 00 00 00 00  ................
0050  00 00 00 00 00 00 00 00 00 00 00 00 00 00 00 00  ................
0060  00 00 00 00 00 00 00 00 00 00 00 00 00 00 00 00  ................
0070  00 00 00 00 00 00 00 00 00 00 00 00 00 00 00 00  ................
0080  00 00 00 00 00 00 00 00 00 00 00 00 00 00 00 00  ................
0090  00 00 00 00 00 00 00 00 00 00 00 00 00 00 00 00  ................
00a0  00 00 00 00 00 00 00 00 00 00 00 00 00 00 00 00  ................
00b0  00 00 00 00 00 00 00 00 00 00 00 00 00 00 00 00  ................
00c0  00 00 00 00 00 00 00 00 00 00 00 00 00 00 00 00  ................
00d0  00 00 00 00 00 00 00 00 00 00 00 00 00 00 00 00  ................
00e0  00 00 00 00 00 00 00 00 00 00 00 00 00 00 00 00  ................
00f0  00 00 00 00 00 00 00 00 00 00 00 00 00 00 00 00  ................
0100  00 00 00 00 00 00 00 00 00 00 00 00 00 00 00 00  ................
0110  00 00 00 00 00 00 00 00 00 00 00 00 00 00 00 00  ................
0120  00 00 00 00 00 00 00 00 00 00 00 00 00 00 00 00  ................
0130  00 00 00 00 00 00 00 00 00 00 00 00 00 00 00 00  ................
0140  00 00 00 00                                      ....             

*OUT10
0000  1c 00 00 00 48 50 54 2d 43 54 52 4c 14 00 00 00  ....HPT-CTRL....
0010  ec 24 70 03 00 00 00 00 28 01 00 00 1c 00 00 00  .$p.....(.......
0020  04 01 00 00 02 00 00 00 01 00 00 0a 4d 00 45 00  ............M.E.
0030  00 00 00 00 fc 00 00 00 00 00 00 00 fc 00 00 00  ................
0040  00 00 00 00 fc 00 00 00 05 00 00 3c 00 00 00 04  ...........<....
0050  00 00 00 00 00 01 00 04 00 00 00 00 00 02 00 04  ................
0060  00 00 00 00 00 03 00 04 00 00 00 00 00 04 00 04  ................
0070  00 00 00 00 00 05 00 08 00 00 00 00 00 00 00 00  ................
0080  00 06 00 04 00 00 00 00 00 00 00 00 00 00 00 00  ................
0090  00 00 00 00 00 00 00 00 00 00 00 00 00 00 00 00  ................
00a0  00 00 00 00 00 00 00 00 00 00 00 00 00 00 00 00  ................
00b0  00 00 00 00 00 00 00 00 00 00 00 00 00 00 00 00  ................
00c0  00 00 00 00 00 00 00 00 00 00 00 00 00 00 00 00  ................
00d0  00 00 00 00 00 00 00 00 00 00 00 00 00 00 00 00  ................
00e0  00 00 00 00 00 00 00 00 00 00 00 00 00 00 00 00  ................
00f0  00 00 00 00 00 00 00 00 00 00 00 00 00 00 00 00  ................
0100  00 00 00 00 00 00 00 00 00 00 00 00 00 00 00 00  ................
0110  00 00 00 00 00 00 00 00 00 00 00 00 00 00 00 00  ................
0120  00 00 00 00 00 00 00 00 00 00 00 00 00 00 00 00  ................
0130  00 00 00 00 00 00 00 00 00 00 00 00 00 00 00 00  ................
0140  00 00 00 00                                      ....             

*IN11
0000  1c 00 00 00 48 50 54 2d 43 54 52 4c 14 00 00 00  ....HPT-CTRL....
0010  ec 24 70 03 00 00 00 00 28 01 00 00 1c 00 00 00  .$p.....(.......
0020  04 01 00 00 02 00 00 00 01 00 00 0a 4d 00 46 00  ............M.F.
0030  00 00 00 00 fc 00 00 00 00 00 00 00 fc 00 00 00  ................
0040  00 00 00 00 00 00 00 00 00 00 00 00 00 00 00 00  ................
0050  00 00 00 00 00 00 00 00 00 00 00 00 00 00 00 00  ................
0060  00 00 00 00 00 00 00 00 00 00 00 00 00 00 00 00  ................
0070  00 00 00 00 00 00 00 00 00 00 00 00 00 00 00 00  ................
0080  00 00 00 00 00 00 00 00 00 00 00 00 00 00 00 00  ................
0090  00 00 00 00 00 00 00 00 00 00 00 00 00 00 00 00  ................
00a0  00 00 00 00 00 00 00 00 00 00 00 00 00 00 00 00  ................
00b0  00 00 00 00 00 00 00 00 00 00 00 00 00 00 00 00  ................
00c0  00 00 00 00 00 00 00 00 00 00 00 00 00 00 00 00  ................
00d0  00 00 00 00 00 00 00 00 00 00 00 00 00 00 00 00  ................
00e0  00 00 00 00 00 00 00 00 00 00 00 00 00 00 00 00  ................
00f0  00 00 00 00 00 00 00 00 00 00 00 00 00 00 00 00  ................
0100  00 00 00 00 00 00 00 00 00 00 00 00 00 00 00 00  ................
0110  00 00 00 00 00 00 00 00 00 00 00 00 00 00 00 00  ................
0120  00 00 00 00 00 00 00 00 00 00 00 00 00 00 00 00  ................
0130  00 00 00 00 00 00 00 00 00 00 00 00 00 00 00 00  ................
0140  00 00 00 00                                      ....             

*OUT11
0000  1c 00 00 00 48 50 54 2d 43 54 52 4c 14 00 00 00  ....HPT-CTRL....
0010  ec 24 70 03 00 00 00 00 28 01 00 00 1c 00 00 00  .$p.....(.......
0020  04 01 00 00 02 00 00 00 01 00 00 0a 4d 00 46 00  ............M.F.
0030  00 00 00 00 fc 00 00 00 00 00 00 00 fc 00 00 00  ................
0040  00 00 00 00 fc 00 00 00 06 00 00 08 00 00 00 04  ................
0050  00 00 01 21 00 00 00 00 00 00 00 00 00 00 00 00  ...!............
0060  00 00 00 00 00 00 00 00 00 00 00 00 00 00 00 00  ................
0070  00 00 00 00 00 00 00 00 00 00 00 00 00 00 00 00  ................
0080  00 00 00 00 00 00 00 00 00 00 00 00 00 00 00 00  ................
0090  00 00 00 00 00 00 00 00 00 00 00 00 00 00 00 00  ................
00a0  00 00 00 00 00 00 00 00 00 00 00 00 00 00 00 00  ................
00b0  00 00 00 00 00 00 00 00 00 00 00 00 00 00 00 00  ................
00c0  00 00 00 00 00 00 00 00 00 00 00 00 00 00 00 00  ................
00d0  00 00 00 00 00 00 00 00 00 00 00 00 00 00 00 00  ................
00e0  00 00 00 00 00 00 00 00 00 00 00 00 00 00 00 00  ................
00f0  00 00 00 00 00 00 00 00 00 00 00 00 00 00 00 00  ................
0100  00 00 00 00 00 00 00 00 00 00 00 00 00 00 00 00  ................
0110  00 00 00 00 00 00 00 00 00 00 00 00 00 00 00 00  ................
0120  00 00 00 00 00 00 00 00 00 00 00 00 00 00 00 00  ................
0130  00 00 00 00 00 00 00 00 00 00 00 00 00 00 00 00  ................
0140  00 00 00 00                                      ....             

*IN12
0000  1c 00 00 00 48 50 54 2d 43 54 52 4c 14 00 00 00  ....HPT-CTRL....
0010  ec 24 70 03 00 00 00 00 28 01 00 00 1c 00 00 00  .$p.....(.......
0020  04 01 00 00 02 00 00 00 01 00 00 0a 4d 00 77 00  ............M.w.
0030  00 00 00 00 fc 00 00 00 00 00 00 00 fc 00 00 00  ................
0040  00 00 00 00 00 00 00 00 00 00 00 00 00 00 00 00  ................
0050  00 00 00 00 00 00 00 00 00 00 00 00 00 00 00 00  ................
0060  00 00 00 00 00 00 00 00 00 00 00 00 00 00 00 00  ................
0070  00 00 00 00 00 00 00 00 00 00 00 00 00 00 00 00  ................
0080  00 00 00 00 00 00 00 00 00 00 00 00 00 00 00 00  ................
0090  00 00 00 00 00 00 00 00 00 00 00 00 00 00 00 00  ................
00a0  00 00 00 00 00 00 00 00 00 00 00 00 00 00 00 00  ................
00b0  00 00 00 00 00 00 00 00 00 00 00 00 00 00 00 00  ................
00c0  00 00 00 00 00 00 00 00 00 00 00 00 00 00 00 00  ................
00d0  00 00 00 00 00 00 00 00 00 00 00 00 00 00 00 00  ................
00e0  00 00 00 00 00 00 00 00 00 00 00 00 00 00 00 00  ................
00f0  00 00 00 00 00 00 00 00 00 00 00 00 00 00 00 00  ................
0100  00 00 00 00 00 00 00 00 00 00 00 00 00 00 00 00  ................
0110  00 00 00 00 00 00 00 00 00 00 00 00 00 00 00 00  ................
0120  00 00 00 00 00 00 00 00 00 00 00 00 00 00 00 00  ................
0130  00 00 00 00 00 00 00 00 00 00 00 00 00 00 00 00  ................
0140  00 00 00 00                                      ....             

*OUT12
0000  1c 00 00 00 48 50 54 2d 43 54 52 4c 14 00 00 00  ....HPT-CTRL....
0010  ec 24 70 03 00 00 00 00 28 01 00 00 1c 00 00 00  .$p.....(.......
0020  04 01 00 00 02 00 00 00 01 00 00 0a 4d 00 77 00  ............M.w.
0030  00 00 00 00 fc 00 00 00 00 00 00 00 fc 00 00 00  ................
0040  00 00 00 00 fc 00 00 00 37 00 00 28 00 00 00 04  ........7..(....
0050  01 7a 11 9a 00 01 00 04 03 39 36 38 00 02 00 04  .z.......968....
0060  00 01 f1 64 00 03 00 04 00 01 71 97 00 04 00 04  ...d......q.....
0070  00 00 00 00 00 00 00 00 00 00 00 00 00 00 00 00  ................
0080  00 00 00 00 00 00 00 00 00 00 00 00 00 00 00 00  ................
0090  00 00 00 00 00 00 00 00 00 00 00 00 00 00 00 00  ................
00a0  00 00 00 00 00 00 00 00 00 00 00 00 00 00 00 00  ................
00b0  00 00 00 00 00 00 00 00 00 00 00 00 00 00 00 00  ................
00c0  00 00 00 00 00 00 00 00 00 00 00 00 00 00 00 00  ................
00d0  00 00 00 00 00 00 00 00 00 00 00 00 00 00 00 00  ................
00e0  00 00 00 00 00 00 00 00 00 00 00 00 00 00 00 00  ................
00f0  00 00 00 00 00 00 00 00 00 00 00 00 00 00 00 00  ................
0100  00 00 00 00 00 00 00 00 00 00 00 00 00 00 00 00  ................
0110  00 00 00 00 00 00 00 00 00 00 00 00 00 00 00 00  ................
0120  00 00 00 00 00 00 00 00 00 00 00 00 00 00 00 00  ................
0130  00 00 00 00 00 00 00 00 00 00 00 00 00 00 00 00  ................
0140  00 00 00 00                                      ....             

*IN13
0000  1c 00 00 00 48 50 54 2d 43 54 52 4c 14 00 00 00  ....HPT-CTRL....
0010  ec 24 70 03 00 00 00 00 28 01 00 00 1c 00 00 00  .$p.....(.......
0020  04 01 00 00 02 00 00 00 01 00 00 0a 4d 00 7e 00  ............M.~.
0030  00 00 00 00 fc 00 00 00 00 00 00 00 fc 00 00 00  ................
0040  00 00 00 00 00 00 00 00 00 00 00 00 00 00 00 00  ................
0050  00 00 00 00 00 00 00 00 00 00 00 00 00 00 00 00  ................
0060  00 00 00 00 00 00 00 00 00 00 00 00 00 00 00 00  ................
0070  00 00 00 00 00 00 00 00 00 00 00 00 00 00 00 00  ................
0080  00 00 00 00 00 00 00 00 00 00 00 00 00 00 00 00  ................
0090  00 00 00 00 00 00 00 00 00 00 00 00 00 00 00 00  ................
00a0  00 00 00 00 00 00 00 00 00 00 00 00 00 00 00 00  ................
00b0  00 00 00 00 00 00 00 00 00 00 00 00 00 00 00 00  ................
00c0  00 00 00 00 00 00 00 00 00 00 00 00 00 00 00 00  ................
00d0  00 00 00 00 00 00 00 00 00 00 00 00 00 00 00 00  ................
00e0  00 00 00 00 00 00 00 00 00 00 00 00 00 00 00 00  ................
00f0  00 00 00 00 00 00 00 00 00 00 00 00 00 00 00 00  ................
0100  00 00 00 00 00 00 00 00 00 00 00 00 00 00 00 00  ................
0110  00 00 00 00 00 00 00 00 00 00 00 00 00 00 00 00  ................
0120  00 00 00 00 00 00 00 00 00 00 00 00 00 00 00 00  ................
0130  00 00 00 00 00 00 00 00 00 00 00 00 00 00 00 00  ................
0140  00 00 00 00                                      ....             

*OUT13
0000  1c 00 00 00 48 50 54 2d 43 54 52 4c 14 00 00 00  ....HPT-CTRL....
0010  ec 24 70 03 00 00 00 00 28 01 00 00 1c 00 00 00  .$p.....(.......
0020  04 01 00 00 02 00 00 00 01 00 00 0a 4d 00 7e 00  ............M.~.
0030  00 00 00 00 fc 00 00 00 00 00 00 00 fc 00 00 00  ................
0040  00 00 00 00 fc 00 00 00 3e 00 00 24 00 00 00 04  ........>..$....
0050  00 00 11 42 00 08 00 04 00 00 00 1a 00 09 00 04  ...B............
0060  00 00 00 3c 00 0e 00 08 00 00 00 3d b9 16 92 d3  ...<.......=....
0070  00 00 00 00 00 00 00 00 00 00 00 00 00 00 00 00  ................
0080  00 00 00 00 00 00 00 00 00 00 00 00 00 00 00 00  ................
0090  00 00 00 00 00 00 00 00 00 00 00 00 00 00 00 00  ................
00a0  00 00 00 00 00 00 00 00 00 00 00 00 00 00 00 00  ................
00b0  00 00 00 00 00 00 00 00 00 00 00 00 00 00 00 00  ................
00c0  00 00 00 00 00 00 00 00 00 00 00 00 00 00 00 00  ................
00d0  00 00 00 00 00 00 00 00 00 00 00 00 00 00 00 00  ................
00e0  00 00 00 00 00 00 00 00 00 00 00 00 00 00 00 00  ................
00f0  00 00 00 00 00 00 00 00 00 00 00 00 00 00 00 00  ................
0100  00 00 00 00 00 00 00 00 00 00 00 00 00 00 00 00  ................
0110  00 00 00 00 00 00 00 00 00 00 00 00 00 00 00 00  ................
0120  00 00 00 00 00 00 00 00 00 00 00 00 00 00 00 00  ................
0130  00 00 00 00 00 00 00 00 00 00 00 00 00 00 00 00  ................
0140  00 00 00 00                                      ....             

*IN14
0000  1c 00 00 00 48 50 54 2d 43 54 52 4c 14 00 00 00  ....HPT-CTRL....
0010  04 24 70 03 00 00 00 00 0c 00 00 00 00 00 00 00  .$p.............
0020  04 00 00 00 00 00 00 00                          ........         

*OUT14
0000  1c 00 00 00 48 50 54 2d 43 54 52 4c 14 00 00 00  ....HPT-CTRL....
0010  04 24 70 03 00 00 00 00 0c 00 00 00 00 00 00 00  .$p.............
0020  04 00 00 00 01 00 00 00                          ........         

*IN15
0000  1c 00 00 00 48 50 54 2d 43 54 52 4c 14 00 00 00  ....HPT-CTRL....
0010  bc 24 70 03 00 00 00 00 64 00 00 00 04 00 00 00  .$p.....d.......
0020  58 00 00 00 00 00 00 00 00 00 00 00 00 00 00 00  X...............
0030  00 00 00 00 00 00 00 00 00 00 00 00 00 00 00 00  ................
0040  00 00 00 00 00 00 00 00 00 00 00 00 00 00 00 00  ................
0050  00 00 00 00 00 00 00 00 00 00 00 00 00 00 00 00  ................
0060  00 00 00 00 00 00 00 00 00 00 00 00 00 00 00 00  ................
0070  00 00 00 00 00 00 00 00 00 00 00 00 00 00 00 00  ................ 

*OUT15
0000  1c 00 00 00 48 50 54 2d 43 54 52 4c 14 00 00 00  ....HPT-CTRL....
0010  bc 24 70 03 00 00 00 00 64 00 00 00 04 00 00 00  .$p.....d.......
0020  58 00 00 00 00 00 00 00 00 00 08 04 52 6f 63 6b  X...........Rock
0030  65 74 52 41 49 44 20 32 36 38 30 20 53 41 53 20  etRAID 2680 SAS 
0040  43 6f 6e 74 72 6f 6c 6c 65 72 00 00 00 00 00 00  Controller......
0050  48 69 67 68 50 6f 69 6e 74 20 54 65 63 68 6e 6f  HighPoint Techno
0060  6c 6f 67 69 65 73 2c 20 49 6e 63 2e 00 00 00 00  logies, Inc.....
0070  00 00 00 00 00 20 a2 3c 00 01 00 00 00 00 00 00  ..... .<........ 

*IN16
0000  1c 00 00 00 48 50 54 2d 43 54 52 4c 14 00 00 00  ....HPT-CTRL....
0010  bc 24 70 03 00 00 00 00 64 00 00 00 04 00 00 00  .$p.....d.......
0020  58 00 00 00 00 00 00 00 00 00 00 00 00 00 00 00  X...............
0030  00 00 00 00 00 00 00 00 00 00 00 00 00 00 00 00  ................
0040  00 00 00 00 00 00 00 00 00 00 00 00 00 00 00 00  ................
0050  00 00 00 00 00 00 00 00 00 00 00 00 00 00 00 00  ................
0060  00 00 00 00 00 00 00 00 00 00 00 00 00 00 00 00  ................
0070  00 00 00 00 00 00 00 00 00 00 00 00 00 00 00 00  ................ 

*OUT16
0000  1c 00 00 00 48 50 54 2d 43 54 52 4c 14 00 00 00  ....HPT-CTRL....
0010  bc 24 70 03 00 00 00 00 64 00 00 00 04 00 00 00  .$p.....d.......
0020  58 00 00 00 00 00 00 00 00 00 08 04 52 6f 63 6b  X...........Rock
0030  65 74 52 41 49 44 20 32 36 38 30 20 53 41 53 20  etRAID 2680 SAS 
0040  43 6f 6e 74 72 6f 6c 6c 65 72 00 00 00 00 00 00  Controller......
0050  48 69 67 68 50 6f 69 6e 74 20 54 65 63 68 6e 6f  HighPoint Techno
0060  6c 6f 67 69 65 73 2c 20 49 6e 63 2e 00 00 00 00  logies, Inc.....
0070  00 00 00 00 00 20 a2 3c 00 01 00 00 00 00 00 00  ..... .<........ 

*IN17
0000  1c 00 00 00 48 50 54 2d 43 54 52 4c 14 00 00 00  ....HPT-CTRL....
0010  98 25 70 03 00 00 00 00 1c 00 00 00 10 00 00 00  .%p.............
0020  04 00 00 00 00 00 00 00 fe ff ff ff 00 00 00 00  ................
0030  04 00 00 00 00 00 00 00                          ........         

*OUT17
0000  1c 00 00 00 48 50 54 2d 43 54 52 4c 14 00 00 00  ....HPT-CTRL....
0010  98 25 70 03 00 00 00 00 1c 00 00 00 10 00 00 00  .%p.............
0020  04 00 00 00 00 00 00 00 fe ff ff ff 00 00 00 00  ................
0030  04 00 00 00 00 00 08 00                          ........         

*IN18
0000  1c 00 00 00 48 50 54 2d 43 54 52 4c 14 00 00 00  ....HPT-CTRL....
0010  d0 24 70 03 00 00 00 00 08 01 00 00 80 00 00 00  .$p.............
0020  80 00 00 00 2c 00 00 00 00 00 00 00 00 00 00 00  ....,...........
0030  00 00 00 00 00 00 00 00 00 00 00 00 00 00 00 00  ................
0040  00 00 00 00 00 00 00 00 00 00 00 00 00 00 00 00  ................
0050  00 00 00 00 00 00 00 00 00 00 00 00 00 00 00 00  ................
0060  00 00 00 00 00 00 00 00 00 00 00 00 00 00 00 00  ................
0070  00 00 00 00 00 00 00 00 00 00 00 00 00 00 00 00  ................
0080  00 00 00 00 00 00 00 00 00 00 00 00 00 00 00 00  ................
0090  00 00 00 00 00 00 00 00 00 00 00 00 00 00 00 00  ................
00a0  00 00 00 00 00 00 00 00 00 00 00 00 00 00 00 00  ................
00b0  00 00 00 00 00 00 00 00 00 00 00 00 00 00 00 00  ................
00c0  00 00 00 00 00 00 00 00 00 00 00 00 00 00 00 00  ................
00d0  00 00 00 00 00 00 00 00 00 00 00 00 00 00 00 00  ................
00e0  00 00 00 00 00 00 00 00 00 00 00 00 00 00 00 00  ................
00f0  00 00 00 00 00 00 00 00 00 00 00 00 00 00 00 00  ................
0100  00 00 00 00 00 00 00 00 00 00 00 00 00 00 00 00  ................
0110  00 00 00 00 00 00 00 00 00 00 00 00 00 00 00 00  ................
0120  00 00 00 00                                      ....             

*OUT18
0000  1c 00 00 00 48 50 54 2d 43 54 52 4c 14 00 00 00  ....HPT-CTRL....
0010  d0 24 70 03 00 00 00 00 08 01 00 00 80 00 00 00  .$p.............
0020  80 00 00 00 2c 00 00 00 00 00 00 00 00 00 00 00  ....,...........
0030  00 00 00 00 00 00 00 00 00 00 00 00 00 00 00 00  ................
0040  00 00 00 00 00 00 00 00 00 00 00 00 00 00 00 00  ................
0050  00 00 00 00 00 00 00 00 00 00 00 00 00 00 00 00  ................
0060  00 00 00 00 00 00 00 00 00 00 00 00 00 00 00 00  ................
0070  00 00 00 00 00 00 00 00 00 00 00 00 00 00 00 00  ................
0080  00 00 00 00 00 00 00 00 00 00 00 00 00 00 00 00  ................
0090  00 00 00 00 00 00 00 00 00 00 00 00 00 00 00 00  ................
00a0  00 00 00 00 80 00 00 00 01 01 07 07 00 01 0f 18  ................
00b0  01 02 07 03 12 13 00 00 00 00 00 00 00 00 00 00  ................
00c0  20 02 20 20 20 20 00 00 00 00 00 00 00 00 00 00   .    ..........
00d0  00 00 00 06 00 06 00 00 00 00 00 00 00 00 00 00  ................
00e0  00 20 00 00 00 00 00 00 00 00 00 00 00 00 00 00  . ..............
00f0  00 00 00 00 00 00 00 00 00 00 00 00 00 00 00 00  ................
0100  00 00 00 00 00 00 00 00 00 00 00 00 00 00 00 00  ................
0110  00 00 00 00 00 00 00 00 00 00 00 00 00 00 00 00  ................
0120  00 00 00 00                                      ....             

*IN19
0000  1c 00 00 00 48 50 54 2d 43 54 52 4c 14 00 00 00  ....HPT-CTRL....
0010  28 24 70 03 00 00 00 00 34 00 00 00 00 00 00 00  ($p.....4.......
0020  2c 00 00 00 00 00 00 00 00 00 00 00 00 00 00 00  ,...............
0030  00 00 00 00 00 00 00 00 00 00 00 00 00 00 00 00  ................
0040  00 00 00 00 00 00 00 00 00 00 00 00 00 00 00 00  ................ 

*OUT19
no output, err

*IN20
0000  1c 00 00 00 48 50 54 2d 43 54 52 4c 14 00 00 00  ....HPT-CTRL....
0010  28 24 70 03 00 00 00 00 34 00 00 00 00 00 00 00  ($p.....4.......
0020  2c 00 00 00 00 00 00 00 00 00 00 00 00 00 00 00  ,...............
0030  00 00 00 00 00 00 00 00 00 00 00 00 00 00 00 00  ................
0040  00 00 00 00 00 00 00 00 00 00 00 00 00 00 00 00  ................ 

*OUT20
no output, err

*IN21
0000  1c 00 00 00 48 50 54 2d 43 54 52 4c 14 00 00 00  ....HPT-CTRL....
0010  04 24 70 03 00 00 00 00 0c 00 00 00 00 00 00 00  .$p.............
0020  04 00 00 00 00 00 00 00                          ........         

*OUT21
0000  1c 00 00 00 48 50 54 2d 43 54 52 4c 14 00 00 00  ....HPT-CTRL....
0010  04 24 70 03 00 00 00 00 0c 00 00 00 00 00 00 00  .$p.............
0020  04 00 00 00 01 00 00 00                          ........         

*IN22
0000  1c 00 00 00 48 50 54 2d 43 54 52 4c 14 00 00 00  ....HPT-CTRL....
0010  f4 24 70 03 00 00 00 00 10 00 00 00 04 00 00 00  .$p.............
0020  04 00 00 00 00 00 00 00 00 00 00 00              ............     

*OUT22
0000  1c 00 00 00 48 50 54 2d 43 54 52 4c 14 00 00 00  ....HPT-CTRL....
0010  f4 24 70 03 00 00 00 00 10 00 00 00 04 00 00 00  .$p.............
0020  04 00 00 00 00 00 00 00 00 00 00 00              ............     

*IN23
0000  1c 00 00 00 48 50 54 2d 43 54 52 4c 14 00 00 00  ....HPT-CTRL....
0010  04 24 70 03 00 00 00 00 0c 00 00 00 00 00 00 00  .$p.............
0020  04 00 00 00 00 00 00 00                          ........         

*OUT23
0000  1c 00 00 00 48 50 54 2d 43 54 52 4c 14 00 00 00  ....HPT-CTRL....
0010  04 24 70 03 00 00 00 00 0c 00 00 00 00 00 00 00  .$p.............
0020  04 00 00 00 01 00 00 00                          ........         

*IN24
0000  1c 00 00 00 48 50 54 2d 43 54 52 4c 14 00 00 00  ....HPT-CTRL....
0010  28 24 70 03 00 00 00 00 34 00 00 00 00 00 00 00  ($p.....4.......
0020  2c 00 00 00 00 00 00 00 00 00 00 00 00 00 00 00  ,...............
0030  00 00 00 00 00 00 00 00 00 00 00 00 00 00 00 00  ................
0040  00 00 00 00 00 00 00 00 00 00 00 00 00 00 00 00  ................ 

*OUT24
no output, err

*IN25
0000  1c 00 00 00 48 50 54 2d 43 54 52 4c 14 00 00 00  ....HPT-CTRL....
0010  28 24 70 03 00 00 00 00 34 00 00 00 00 00 00 00  ($p.....4.......
0020  2c 00 00 00 00 00 00 00 00 00 00 00 00 00 00 00  ,...............
0030  00 00 00 00 00 00 00 00 00 00 00 00 00 00 00 00  ................
0040  00 00 00 00 00 00 00 00 00 00 00 00 00 00 00 00  ................ 

*OUT25
no output, err

*IN26
0000  1c 00 00 00 48 50 54 2d 43 54 52 4c 14 00 00 00  ....HPT-CTRL....
0010  28 24 70 03 00 00 00 00 34 00 00 00 00 00 00 00  ($p.....4.......
0020  2c 00 00 00 00 00 00 00 00 00 00 00 00 00 00 00  ,...............
0030  00 00 00 00 00 00 00 00 00 00 00 00 00 00 00 00  ................
0040  00 00 00 00 00 00 00 00 00 00 00 00 00 00 00 00  ................ 

*OUT26
no output, err
