smartctl 6.4 2015-06-04 r4109 [x86_64-linux-4.3.3] (local build)
Copyright (C) 2002-15, Bruce Allen, Christian Franke, www.smartmontools.org


REPORT-IOCTL: Device=/dev/sdc Command=IDENTIFY DEVICE
 Input:   FR=...., SC=0x01, LL=...., LM=...., LH=...., DEV=...., CMD=0xec IN
 [ata pass-through(16): 85 08 0e 00 00 00 01 00 00 00 00 00 00 00 ec 00 ]
  scsi_status=0x0, host_status=0x0, driver_status=0x0
  info=0x0  duration=4 milliseconds  resid=0
  Incoming data, len=512 [only first 256 bytes shown]:
 00     40 00 ff 3f 37 c8 10 00  00 00 00 00 3f 00 00 00                        
 10     00 00 00 00 20 20 20 20  20 20 20 20 20 20 36 20                        
 20     4c 35 50 46 31 32 54 42  00 00 00 40 00 00 58 41                        
 30     41 31 55 31 20 20 4f 54  48 53 42 49 20 41 51 4d                        
 40     31 30 42 41 31 44 30 30  20 20 20 20 20 20 20 20                        
 50     20 20 20 20 20 20 20 20  20 20 20 20 20 20 10 80                        
 60     00 00 00 2f 00 40 00 02  00 00 07 00 ff 3f 10 00                        
 70     3f 00 10 fc fb 00 10 01  ff ff ff 0f 07 00 07 00                        
 80     03 00 78 00 78 00 78 00  78 00 00 00 00 00 00 00                        
 90     00 00 00 00 00 00 1f 00  06 0f 04 00 4c 00 44 00                        
 a0     f8 01 00 00 6b 74 09 7d  63 61 69 74 09 bc 63 61                        
 b0     3f 20 72 00 72 00 80 00  fe ff 00 00 00 00 00 00                        
 c0     00 00 00 00 00 00 00 00  b0 6d 70 74 00 00 00 00                        
 d0     00 00 00 00 03 60 00 00  00 50 96 03 88 52 f8 37                        
 e0     00 00 00 00 00 00 00 00  00 00 00 00 00 00 1c 40                        
 f0     1c 40 00 00 00 00 00 00  00 00 00 00 00 00 00 00                        
 [Duration: 0.004s]
REPORT-IOCTL: Device=/dev/sdc Command=IDENTIFY DEVICE returned 0

===== [IDENTIFY DEVICE] DATA START (BASE-16) =====
000-015: 40 00 ff 3f 37 c8 10 00 00 00 00 00 3f 00 00 00 |@..?7.......?...|
016-031: 00 00 00 00 58 58 58 58 58 58 58 58 58 58 58 58 |....XXXXXXXXXXXX|
032-047: 58 58 58 58 58 58 58 58 00 00 00 40 00 00 58 41 |XXXXXXXX...@..XA|
048-063: 41 31 55 31 20 20 4f 54 48 53 42 49 20 41 51 4d |A1U1  OTHSBI AQM|
064-079: 31 30 42 41 31 44 30 30 20 20 20 20 20 20 20 20 |10BA1D00        |
080-095: 20 20 20 20 20 20 20 20 20 20 20 20 20 20 10 80 |              ..|
096-111: 00 00 00 2f 00 40 00 02 00 00 07 00 ff 3f 10 00 |.../.@.......?..|
112-127: 3f 00 10 fc fb 00 10 01 ff ff ff 0f 07 00 07 00 |?...............|
128-143: 03 00 78 00 78 00 78 00 78 00 00 00 00 00 00 00 |..x.x.x.x.......|
144-159: 00 00 00 00 00 00 1f 00 06 0f 04 00 4c 00 44 00 |............L.D.|
160-175: f8 01 00 00 6b 74 09 7d 63 61 69 74 09 bc 63 61 |....kt.}cait..ca|
176-191: 3f 20 72 00 72 00 80 00 fe ff 00 00 00 00 00 00 |? r.r...........|
192-207: 00 00 00 00 00 00 00 00 b0 6d 70 74 00 00 00 00 |.........mpt....|
208-223: 00 00 00 00 03 60 00 00 00 00 00 00 00 00 00 00 |.....`..........|
224-239: 00 00 00 00 00 00 00 00 00 00 00 00 00 00 1c 40 |...............@|
240-255: 1c 40 00 00 00 00 00 00 00 00 00 00 00 00 00 00 |.@..............|
256-271: 21 00 00 00 00 00 00 00 00 00 00 00 00 00 00 00 |!...............|
272-287: 00 00 00 00 00 00 00 00 00 00 00 00 00 00 00 00 |................|
288-303: 00 00 00 00 00 00 00 00 00 00 00 00 00 00 00 00 |................|
304-319: 00 00 00 00 00 00 00 00 00 00 00 00 00 00 00 00 |................|
320-335: 00 00 00 00 00 00 00 00 00 00 00 00 00 00 00 00 |................|
336-351: 03 00 00 00 00 00 00 00 00 00 00 00 00 00 00 00 |................|
352-367: 00 00 00 00 00 00 00 00 00 00 00 00 00 00 00 00 |................|
368-383: 00 00 00 00 00 00 00 00 00 00 00 00 00 00 00 00 |................|
384-399: 00 00 00 00 00 00 00 00 00 00 00 00 00 00 00 00 |................|
400-415: 00 00 00 00 00 00 00 00 00 00 00 00 3d 00 00 00 |............=...|
416-431: 00 00 00 40 00 00 00 00 00 00 00 00 00 00 00 00 |...@............|
432-447: 00 00 18 15 00 00 00 00 00 00 00 00 1f 10 00 00 |................|
448-463: 00 00 00 00 00 00 00 00 00 00 00 00 00 00 00 00 |................|
464-479: 00 00 00 00 01 00 80 00 00 00 00 00 00 00 00 00 |................|
480-495: 00 00 00 00 00 00 00 00 00 00 00 00 00 00 00 00 |................|
496-511: 00 00 00 00 00 00 00 00 00 00 00 00 00 00 a5 09 |................|
===== [IDENTIFY DEVICE] DATA END (512 Bytes) =====


REPORT-IOCTL: Device=/dev/sdc Command=SMART READ ATTRIBUTE VALUES
 Input:   FR=0xd0, SC=0x01, LL=...., LM=0x4f, LH=0xc2, DEV=...., CMD=0xb0 IN
 [ata pass-through(16): 85 08 0e 00 d0 00 01 00 00 00 4f 00 c2 00 b0 00 ]
  scsi_status=0x0, host_status=0x0, driver_status=0x0
  info=0x0  duration=359 milliseconds  resid=0
  Incoming data, len=512 [only first 256 bytes shown]:
 00     10 00 01 0b 00 64 64 00  00 00 00 00 00 00 02 05                        
 10     00 64 64 00 00 00 00 00  00 00 03 27 00 64 64 50                        
 20     0a 00 00 00 00 00 04 32  00 64 64 09 00 00 00 00                        
 30     00 00 05 33 00 64 64 00  00 00 00 00 00 00 07 0b                        
 40     00 64 64 00 00 00 00 00  00 00 08 05 00 64 64 00                        
 50     00 00 00 00 00 00 09 32  00 64 64 15 00 00 00 00                        
 60     00 00 0a 33 00 64 64 00  00 00 00 00 00 00 0c 32                        
 70     00 64 64 08 00 00 00 00  00 00 bf 32 00 64 64 00                        
 80     00 00 00 00 00 00 c0 32  00 64 64 03 00 00 00 00                        
 90     00 00 c1 32 00 64 64 2f  00 00 00 00 00 00 c2 22                        
 a0     00 64 64 14 00 10 00 2c  00 00 c4 32 00 64 64 00                        
 b0     00 00 00 00 00 00 c5 32  00 64 64 00 00 00 00 00                        
 c0     00 00 c6 30 00 64 64 00  00 00 00 00 00 00 c7 32                        
 d0     00 c8 fd 00 00 00 00 00  00 00 dc 02 00 64 64 00                        
 e0     00 00 00 00 00 00 de 32  00 64 64 13 00 00 00 00                        
 f0     00 00 df 32 00 64 64 00  00 00 00 00 00 00 e0 22                        
 [Duration: 0.359s]
REPORT-IOCTL: Device=/dev/sdc Command=SMART READ ATTRIBUTE VALUES returned 0

===== [SMART READ ATTRIBUTE VALUES] DATA START (BASE-16) =====
000-015: 10 00 01 0b 00 64 64 00 00 00 00 00 00 00 02 05 |.....dd.........|
016-031: 00 64 64 00 00 00 00 00 00 00 03 27 00 64 64 50 |.dd........'.ddP|
032-047: 0a 00 00 00 00 00 04 32 00 64 64 09 00 00 00 00 |.......2.dd.....|
048-063: 00 00 05 33 00 64 64 00 00 00 00 00 00 00 07 0b |...3.dd.........|
064-079: 00 64 64 00 00 00 00 00 00 00 08 05 00 64 64 00 |.dd..........dd.|
080-095: 00 00 00 00 00 00 09 32 00 64 64 15 00 00 00 00 |.......2.dd.....|
096-111: 00 00 0a 33 00 64 64 00 00 00 00 00 00 00 0c 32 |...3.dd........2|
112-127: 00 64 64 08 00 00 00 00 00 00 bf 32 00 64 64 00 |.dd........2.dd.|
128-143: 00 00 00 00 00 00 c0 32 00 64 64 03 00 00 00 00 |.......2.dd.....|
144-159: 00 00 c1 32 00 64 64 2f 00 00 00 00 00 00 c2 22 |...2.dd/......."|
160-175: 00 64 64 14 00 10 00 2c 00 00 c4 32 00 64 64 00 |.dd....,...2.dd.|
176-191: 00 00 00 00 00 00 c5 32 00 64 64 00 00 00 00 00 |.......2.dd.....|
192-207: 00 00 c6 30 00 64 64 00 00 00 00 00 00 00 c7 32 |...0.dd........2|
208-223: 00 c8 fd 00 00 00 00 00 00 00 dc 02 00 64 64 00 |.............dd.|
224-239: 00 00 00 00 00 00 de 32 00 64 64 13 00 00 00 00 |.......2.dd.....|
240-255: 00 00 df 32 00 64 64 00 00 00 00 00 00 00 e0 22 |...2.dd........"|
256-271: 00 64 64 00 00 00 00 00 00 00 e2 26 00 64 64 05 |.dd........&.dd.|
272-287: 01 00 00 00 00 00 f0 01 00 64 64 00 00 00 00 00 |.........dd.....|
288-303: 00 00 00 00 00 00 00 00 00 00 00 00 00 00 00 00 |................|
304-319: 00 00 00 00 00 00 00 00 00 00 00 00 00 00 00 00 |................|
320-335: 00 00 00 00 00 00 00 00 00 00 00 00 00 00 00 00 |................|
336-351: 00 00 00 00 00 00 00 00 00 00 00 00 00 00 00 00 |................|
352-367: 00 00 00 00 00 00 00 00 00 00 00 00 78 00 00 5b |............x..[|
368-383: 03 00 01 00 02 f4 00 00 00 00 00 00 00 00 00 00 |................|
384-399: 00 00 00 00 00 00 00 00 00 00 00 00 00 00 00 00 |................|
400-415: 00 00 00 00 00 00 00 00 00 00 00 00 00 00 00 00 |................|
416-431: 00 00 00 00 00 00 00 00 00 00 00 00 00 00 00 00 |................|
432-447: 00 00 00 00 00 00 00 00 00 00 00 00 00 00 00 00 |................|
448-463: 00 00 00 00 00 00 00 00 00 00 00 00 00 00 00 00 |................|
464-479: 00 00 00 00 00 00 00 00 00 00 00 00 00 00 00 00 |................|
480-495: 00 00 00 00 00 00 00 00 00 00 00 00 00 00 00 00 |................|
496-511: 00 00 00 00 00 00 00 00 00 00 00 00 00 00 00 3b |...............;|
===== [SMART READ ATTRIBUTE VALUES] DATA END (512 Bytes) =====


REPORT-IOCTL: Device=/dev/sdc Command=SMART READ ATTRIBUTE THRESHOLDS
 Input:   FR=0xd1, SC=0x01, LL=0x01, LM=0x4f, LH=0xc2, DEV=...., CMD=0xb0 IN
 [ata pass-through(16): 85 08 0e 00 d1 00 01 00 01 00 4f 00 c2 00 b0 00 ]
  scsi_status=0x0, host_status=0x0, driver_status=0x0
  info=0x0  duration=21 milliseconds  resid=0
  Incoming data, len=512 [only first 256 bytes shown]:
 00     10 00 01 32 00 00 00 00  00 00 00 00 00 00 02 32                        
 10     00 00 00 00 00 00 00 00  00 00 03 01 00 00 00 00                        
 20     00 00 00 00 00 00 04 00  00 00 00 00 00 00 00 00                        
 30     00 00 05 32 00 00 00 00  00 00 00 00 00 00 07 32                        
 40     00 00 00 00 00 00 00 00  00 00 08 32 00 00 00 00                        
 50     00 00 00 00 00 00 09 00  00 00 00 00 00 00 00 00                        
 60     00 00 0a 1e 00 00 00 00  00 00 00 00 00 00 0c 00                        
 70     00 00 00 00 00 00 00 00  00 00 bf 00 00 00 00 00                        
 80     00 00 00 00 00 00 c0 00  00 00 00 00 00 00 00 00                        
 90     00 00 c1 00 00 00 00 00  00 00 00 00 00 00 c2 00                        
 a0     00 00 00 00 00 00 00 00  00 00 c4 00 00 00 00 00                        
 b0     00 00 00 00 00 00 c5 00  00 00 00 00 00 00 00 00                        
 c0     00 00 c6 00 00 00 00 00  00 00 00 00 00 00 c7 00                        
 d0     00 00 00 00 00 00 00 00  00 00 dc 00 00 00 00 00                        
 e0     00 00 00 00 00 00 de 00  00 00 00 00 00 00 00 00                        
 f0     00 00 df 00 00 00 00 00  00 00 00 00 00 00 e0 00                        
 [Duration: 0.020s]
REPORT-IOCTL: Device=/dev/sdc Command=SMART READ ATTRIBUTE THRESHOLDS returned 0

===== [SMART READ ATTRIBUTE THRESHOLDS] DATA START (BASE-16) =====
000-015: 10 00 01 32 00 00 00 00 00 00 00 00 00 00 02 32 |...2...........2|
016-031: 00 00 00 00 00 00 00 00 00 00 03 01 00 00 00 00 |................|
032-047: 00 00 00 00 00 00 04 00 00 00 00 00 00 00 00 00 |................|
048-063: 00 00 05 32 00 00 00 00 00 00 00 00 00 00 07 32 |...2...........2|
064-079: 00 00 00 00 00 00 00 00 00 00 08 32 00 00 00 00 |...........2....|
080-095: 00 00 00 00 00 00 09 00 00 00 00 00 00 00 00 00 |................|
096-111: 00 00 0a 1e 00 00 00 00 00 00 00 00 00 00 0c 00 |................|
112-127: 00 00 00 00 00 00 00 00 00 00 bf 00 00 00 00 00 |................|
128-143: 00 00 00 00 00 00 c0 00 00 00 00 00 00 00 00 00 |................|
144-159: 00 00 c1 00 00 00 00 00 00 00 00 00 00 00 c2 00 |................|
160-175: 00 00 00 00 00 00 00 00 00 00 c4 00 00 00 00 00 |................|
176-191: 00 00 00 00 00 00 c5 00 00 00 00 00 00 00 00 00 |................|
192-207: 00 00 c6 00 00 00 00 00 00 00 00 00 00 00 c7 00 |................|
208-223: 00 00 00 00 00 00 00 00 00 00 dc 00 00 00 00 00 |................|
224-239: 00 00 00 00 00 00 de 00 00 00 00 00 00 00 00 00 |................|
240-255: 00 00 df 00 00 00 00 00 00 00 00 00 00 00 e0 00 |................|
256-271: 00 00 00 00 00 00 00 00 00 00 e2 00 00 00 00 00 |................|
272-287: 00 00 00 00 00 00 f0 01 00 00 00 00 00 00 00 00 |................|
288-303: 00 00 00 00 00 00 00 00 00 00 00 00 00 00 00 00 |................|
304-319: 00 00 00 00 00 00 00 00 00 00 00 00 00 00 00 00 |................|
320-335: 00 00 00 00 00 00 00 00 00 00 00 00 00 00 00 00 |................|
336-351: 00 00 00 00 00 00 00 00 00 00 00 00 00 00 00 00 |................|
352-367: 00 00 00 00 00 00 00 00 00 00 00 00 00 00 00 00 |................|
368-383: 00 00 00 00 00 00 00 00 00 00 00 00 00 00 00 00 |................|
384-399: 00 00 00 00 00 00 00 00 00 00 00 00 00 00 00 00 |................|
400-415: 00 00 00 00 00 00 00 00 00 00 00 00 00 00 00 00 |................|
416-431: 00 00 00 00 00 00 00 00 00 00 00 00 00 00 00 00 |................|
432-447: 00 00 00 00 00 00 00 00 00 00 00 00 00 00 00 00 |................|
448-463: 00 00 00 00 00 00 00 00 00 00 00 00 00 00 00 00 |................|
464-479: 00 00 00 00 00 00 00 00 00 00 00 00 00 00 00 00 |................|
480-495: 00 00 00 00 00 00 00 00 00 00 00 00 00 00 00 00 |................|
496-511: 00 00 00 00 00 00 00 00 00 00 00 00 00 00 00 36 |...............6|
===== [SMART READ ATTRIBUTE THRESHOLDS] DATA END (512 Bytes) =====

=== START OF READ SMART DATA SECTION ===

REPORT-IOCTL: Device=/dev/sdc Command=SMART STATUS CHECK
 Input:   FR=0xda, SC=...., LL=...., LM=0x4f, LH=0xc2, DEV=...., CMD=0xb0
 [ata pass-through(16): 85 06 2c 00 da 00 00 00 00 00 4f 00 c2 00 b0 00 ]
  scsi_status=0x2, host_status=0x0, driver_status=0x8
  info=0x1  duration=99 milliseconds  resid=0
  >>> Sense buffer, len=18:
 00     70 00 01 00 00 00 00 0a  00 00 00 00 00 1d 00 00                        
 10     00 00                                                                   
  status=2: sense_key=1 asc=0 ascq=1d
 [Duration: 0.100s]
 Output: ERR=0x00, SC=0x00, LL=0x00, LM=0x00, LH=0x00, DEV=0x00, STS=0x00
SMART Status command failed
Please get assistance from http://smartmontools.sourceforge.net/
Register values returned from SMART Status command are:
 ERR=0x00, SC=0x00, LL=0x00, LM=0x00, LH=0x00, DEV=0x00, STS=0x00
REPORT-IOCTL: Device=/dev/sdc Command=SMART STATUS CHECK returned -1 errno=38 [Invalid ATA output register values]
SMART Status not supported: Invalid ATA output register values
SMART overall-health self-assessment test result: PASSED
Warning: This result is based on an Attribute check.

